3.433578e+02
3.213984e+02
3.004894e+02
2.817748e+02
2.651800e+02
2.528082e+02
2.395452e+02
2.264332e+02
2.142344e+02
2.062181e+02
1.969502e+02
1.883928e+02
1.796934e+02
1.719042e+02
1.657448e+02
1.589199e+02
1.532334e+02
1.472131e+02
1.410299e+02
1.371213e+02
1.335372e+02
1.285547e+02
1.221344e+02
1.194369e+02
1.161827e+02
1.128138e+02
1.098718e+02
1.066839e+02
1.035117e+02
1.009351e+02
9.805294e+01
9.562594e+01
9.334500e+01
9.042489e+01
8.861794e+01
8.718017e+01
8.505506e+01
8.334394e+01
8.107800e+01
7.894922e+01
7.665028e+01
7.445139e+01
7.287256e+01
7.139261e+01
7.037033e+01
6.903539e+01
6.828633e+01
6.679772e+01
6.454644e+01
6.318411e+01
6.168356e+01
6.078167e+01
5.974183e+01
5.846783e+01
5.745383e+01
5.605694e+01
5.561661e+01
5.449111e+01
5.365733e+01
5.274411e+01
5.186239e+01
5.112244e+01
5.011617e+01
4.966467e+01
4.857833e+01
4.792289e+01
4.716922e+01
4.629389e+01
4.538756e+01
4.445361e+01
4.348050e+01
4.262983e+01
4.153122e+01
4.089972e+01
3.975728e+01
3.917139e+01
3.845111e+01
3.788656e+01
3.698761e+01
3.615989e+01
3.539467e+01
3.491383e+01
3.425039e+01
3.377194e+01
3.376250e+01
3.353050e+01
3.271028e+01
3.203611e+01
3.175200e+01
3.130656e+01
3.064833e+01
3.009750e+01
2.988606e+01
2.951228e+01
2.923928e+01
2.892072e+01
2.839828e+01
2.776622e+01
2.723756e+01
2.673167e+01
2.639911e+01
2.584700e+01
2.541394e+01
2.499467e+01
2.464689e+01
2.408183e+01
2.359267e+01
2.322944e+01
2.278567e+01
2.235072e+01
2.207678e+01
2.172428e+01
2.138622e+01
2.102878e+01
2.077433e+01
2.040161e+01
2.007056e+01
1.956589e+01
1.926983e+01
1.892794e+01
1.852528e+01
1.813600e+01
1.779033e+01
1.746833e+01
1.699639e+01
1.675917e+01
1.652600e+01
1.624517e+01
1.605856e+01
1.592239e+01
1.570744e+01
1.544783e+01
1.528644e+01
1.501094e+01
1.475839e+01
1.442656e+01
1.429506e+01
1.411978e+01
1.383317e+01
1.368594e+01
1.346572e+01
1.330239e+01
1.313550e+01
1.290906e+01
1.262106e+01
1.243650e+01
1.219278e+01
1.204367e+01
1.187861e+01
1.170333e+01
1.161206e+01
1.143800e+01
1.128906e+01
1.114183e+01
1.090211e+01
1.073361e+01
1.054222e+01
1.046561e+01
1.030578e+01
1.015594e+01
1.008478e+01
9.952944e+00
9.752778e+00
9.572222e+00
9.483167e+00
9.358111e+00
9.209389e+00
9.134667e+00
8.936944e+00
8.804389e+00
8.637611e+00
8.545778e+00
8.448111e+00
8.334611e+00
8.252222e+00
8.148611e+00
8.029500e+00
7.929056e+00
7.836722e+00
7.740056e+00
7.669611e+00
7.553056e+00
7.446833e+00
7.337278e+00
7.231556e+00
7.169278e+00
7.081111e+00
6.985889e+00
6.940778e+00
6.858833e+00
6.785833e+00
6.693000e+00
6.618778e+00
6.512389e+00
6.457722e+00
6.374556e+00
6.300889e+00
6.232667e+00
6.159556e+00
6.065500e+00
5.978667e+00
5.893556e+00
5.834222e+00
5.759556e+00
5.686611e+00
5.639389e+00
5.565944e+00
5.460833e+00
5.413056e+00
5.357000e+00
5.272611e+00
5.217500e+00
5.159333e+00
5.091667e+00
5.035556e+00
4.974278e+00
4.941500e+00
4.910056e+00
4.883556e+00
4.851500e+00
4.795389e+00
4.759056e+00
4.708667e+00
4.678833e+00
4.631556e+00
4.584944e+00
4.544778e+00
4.493000e+00
4.425611e+00
4.390611e+00
4.332222e+00
4.307111e+00
4.267722e+00
4.231000e+00
4.184056e+00
4.150278e+00
4.119278e+00
4.074722e+00
4.017222e+00
3.991667e+00
3.943778e+00
3.912500e+00
3.890222e+00
3.860611e+00
3.817000e+00
3.789556e+00
3.767556e+00
3.726222e+00
3.691833e+00
3.671278e+00
3.625556e+00
3.606056e+00
3.574611e+00
3.552778e+00
3.524000e+00
3.488167e+00
3.448000e+00
3.421167e+00
3.390167e+00
3.365944e+00
3.342833e+00
3.322444e+00
3.296444e+00
3.267000e+00
3.233944e+00
3.198278e+00
3.177000e+00
3.161278e+00
3.134667e+00
3.118889e+00
3.087056e+00
3.059778e+00
3.044111e+00
3.019333e+00
2.998333e+00
2.974722e+00
2.950611e+00
2.932167e+00
2.908167e+00
2.888389e+00
2.869500e+00
2.847333e+00
2.832167e+00
2.817000e+00
2.787556e+00
2.770444e+00
2.765444e+00
2.745333e+00
2.731778e+00
2.706056e+00
2.693111e+00
2.664944e+00
2.647889e+00
2.630889e+00
2.621278e+00
2.604611e+00
2.588222e+00
2.573500e+00
2.549444e+00
2.535667e+00
2.522833e+00
2.509333e+00
2.499389e+00
2.483556e+00
2.475944e+00
2.467278e+00
2.460778e+00
2.441222e+00
2.423944e+00
2.414722e+00
2.406611e+00
2.394722e+00
2.394722e+00
2.380000e+00
2.371333e+00
2.355389e+00
2.340944e+00
2.325833e+00
2.299500e+00
2.282056e+00
2.276667e+00
2.264833e+00
2.247333e+00
2.237833e+00
2.228833e+00
2.219667e+00
2.210222e+00
2.199778e+00
2.191278e+00
2.181833e+00
2.177222e+00
2.173167e+00
2.156056e+00
2.150833e+00
2.146833e+00
2.139167e+00
2.131944e+00
2.125833e+00
2.120000e+00
2.114333e+00
2.106444e+00
2.099222e+00
2.094722e+00
2.087222e+00
2.077167e+00
2.075111e+00
2.058389e+00
2.054500e+00
2.050611e+00
2.046222e+00
2.036444e+00
2.021111e+00
2.011889e+00
2.004500e+00
1.994444e+00
1.985778e+00
1.982111e+00
1.970611e+00
1.966056e+00
1.955167e+00
1.947778e+00
1.939111e+00
1.923111e+00
1.913722e+00
1.908056e+00
1.896389e+00
1.891167e+00
1.886389e+00
1.878500e+00
1.871611e+00
1.868111e+00
1.859944e+00
1.850444e+00
1.841444e+00
1.837000e+00
1.831111e+00
1.827167e+00
1.819944e+00
1.816778e+00
1.808056e+00
1.802889e+00
1.800167e+00
1.795778e+00
1.788944e+00
1.778944e+00
1.777056e+00
1.773722e+00
1.771667e+00
1.759278e+00
1.752500e+00
1.744667e+00
1.736333e+00
1.724000e+00
1.720333e+00
1.716111e+00
1.708833e+00
1.702167e+00
1.695667e+00
1.691222e+00
1.682389e+00
1.674389e+00
1.670889e+00
1.664944e+00
1.656778e+00
1.651833e+00
1.650333e+00
1.647833e+00
1.641944e+00
1.638889e+00
1.634722e+00
1.627444e+00
1.626444e+00
1.621389e+00
1.617778e+00
1.613333e+00
1.605889e+00
1.599889e+00
1.596444e+00
1.591722e+00
1.588611e+00
1.580500e+00
1.573278e+00
1.568444e+00
1.561333e+00
1.553500e+00
1.551944e+00
1.548667e+00
1.541667e+00
1.537278e+00
1.530500e+00
1.525333e+00
1.523500e+00
1.516778e+00
1.510389e+00
1.505000e+00
1.504444e+00
1.502167e+00
1.498278e+00
1.494111e+00
1.491333e+00
1.486611e+00
1.483556e+00
1.480722e+00
1.476167e+00
1.473000e+00
1.466333e+00
1.458889e+00
1.455778e+00
1.453167e+00
1.447611e+00
1.444500e+00
1.439611e+00
1.437611e+00
1.430500e+00
1.423944e+00
1.412167e+00
1.410333e+00
1.408056e+00
1.405111e+00
1.403389e+00
1.401056e+00
1.393056e+00
1.389556e+00
1.389500e+00
1.383389e+00
1.380722e+00
1.379444e+00
1.374667e+00
1.372389e+00
1.370278e+00
1.367111e+00
1.364500e+00
1.359389e+00
1.355056e+00
1.351000e+00
1.349778e+00
1.347778e+00
1.345444e+00
1.340222e+00
1.334389e+00
1.332278e+00
1.331056e+00
1.329000e+00
1.325667e+00
1.321500e+00
1.320167e+00
1.317556e+00
1.315722e+00
1.313611e+00
1.310889e+00
1.307556e+00
1.305944e+00
1.302833e+00
1.297500e+00
1.292722e+00
1.292389e+00
1.290111e+00
1.287333e+00
1.283389e+00
1.278722e+00
