### angle = 0
-112 0
-111 0
-110 0
-109 2
-108 4
-107 6
-106 8
-105 10
-104 13
-103 13.5
-102 15
-101 18
-100 17.5
-99 16.5
-98 17
-97 18.5
-96 21
-95 22
-94 27.5
-93 33
-92 37.5
-91 37
-90 38
-89 39.5
-88 39.5
-87 38.5
-86 38.5
-85 37.5
-84 39
-83 36
-82 36.5
-81 36.5
-80 34
-79 36
-78 36
-77 33.5
-76 33
-75 35.5
-74 31.5
-73 33
-72 34
-71 36
-70 39
-69 40
-68 43.5
-67 40.5
-66 43.5
-65 45.5
-64 46
-63 50
-62 52
-61 56.5
-60 61
-59 70.5
-58 72
-57 76
-56 79
-55 80
-54 80.5
-53 86.5
-52 95
-51 97
-50 96.5
-49 98.5
-48 98.5
-47 91
-46 92.5
-45 88.5
-44 86
-43 85.5
-42 83
-41 78.5
-40 73.5
-39 70.5
-38 67
-37 60.5
-36 51.5
-35 44.5
-34 41.5
-33 40
-32 39
-31 38
-30 32.5
-29 25.5
-28 29.5
-27 27.5
-26 30.5
-25 34.5
-24 39
-23 44.5
-22 43
-21 47
-20 51.5
-19 47.5
-18 49.5
-17 51.5
-16 50
-15 51
-14 48.5
-13 49.5
-12 53.5
-11 52.5
-10 58
-9 56.5
-8 56
-7 59.5
-6 62.5
-5 69
-4 70.5
-3 75.5
-2 73
-1 77.5
0 161
1 159.5
2 172
3 169.5
4 175
5 178.5
6 180.5
7 182.5
8 178.5
9 184.5
10 195
11 190
12 191.5
13 190.5
14 191.5
15 189.5
16 189.5
17 191
18 184.5
19 188
20 181
21 172
22 163.5
23 148.5
24 126
25 121.5
26 117
27 113.5
28 108.5
29 106.5
30 107
31 108
32 112
33 106.5
34 102
35 103.5
36 104.5
37 101
38 95.5
39 88
40 88.5
41 87
42 85
43 89
44 88.5
45 89
46 90.5
47 87.5
48 93
49 94.5
50 92.5
51 90
52 90.5
53 92.5
54 90
55 92
56 95
57 100.5
58 103.5
59 105.5
60 106.5
61 108.5
62 108.5
63 109.5
64 111.5
65 116
66 119.5
67 119
68 120.5
69 120.5
70 121.5
71 120.5
72 116
73 120.5
74 120.5
75 118.5
76 119
77 114.5
78 109.5
79 110.5
80 112.5
81 111
82 112
83 112
84 0
85 0
86 0
87 0
88 0
89 0
90 0
91 0
92 0
93 0
94 0
95 0
96 0
97 0
98 0
99 0
100 0
101 0
102 0
103 0
104 0
105 0
106 0
107 0
108 0
109 0
110 0
111 0
112 0
#############################



### angle = 4.5
-112 0
-111 1.5
-110 2
-109 4
-108 3.5
-107 5.5
-106 7.5
-105 7
-104 11.5
-103 12.5
-102 14.5
-101 15.5
-100 16
-99 19.5
-98 20.5
-97 21.5
-96 25.5
-95 24.5
-94 29.5
-93 31
-92 30
-91 31.5
-90 39.5
-89 42.5
-88 51
-87 57.5
-86 66
-85 71.5
-84 78.5
-83 82.5
-82 82.5
-81 93.5
-80 97.5
-79 101
-78 110.5
-77 117
-76 115
-75 118
-74 116.5
-73 116
-72 106.5
-71 92.5
-70 83.5
-69 78
-68 73
-67 68
-66 74
-65 69
-64 71.5
-63 86
-62 85.5
-61 88.5
-60 85.5
-59 86
-58 89
-57 85
-56 87
-55 89
-54 87
-53 92.5
-52 102
-51 112
-50 113.5
-49 117.5
-48 124.5
-47 130.5
-46 135
-45 131
-44 136
-43 134
-42 128
-41 124.5
-40 124.5
-39 115
-38 112
-37 110.5
-36 105.5
-35 105.5
-34 107
-33 108.5
-32 101.5
-31 108
-30 107.5
-29 103
-28 105.5
-27 105
-26 96
-25 98.5
-24 101
-23 96
-22 108
-21 119
-20 120.5
-19 125
-18 135.5
-17 138
-16 138
-15 134.5
-14 129.5
-13 121.5
-12 114
-11 106.5
-10 105.5
-9 99
-8 93
-7 94
-6 88.5
-5 89
-4 85
-3 93.5
-2 101.5
-1 106.5
0 114.5
1 118.5
2 121.5
3 124.5
4 130
5 133
6 134.5
7 133.5
8 130
9 129
10 130.5
11 124
12 125
13 127.5
14 133
15 134
16 140.5
17 134.5
18 130.5
19 122
20 115
21 121.5
22 117
23 116.5
24 119
25 118.5
26 116
27 115.5
28 115
29 115
30 110.5
31 113
32 112
33 106.5
34 113.5
35 109
36 105.5
37 106.5
38 107.5
39 102.5
40 102
41 97
42 88
43 83
44 77.5
45 75
46 75
47 71
48 67
49 65
50 68
51 67.5
52 69
53 71.5
54 68.5
55 63
56 57.5
57 54.5
58 49.5
59 49
60 45
61 39
62 34
63 31
64 26
65 25.5
66 17
67 8
68 3
69 0
70 0
71 0
72 0
73 0
74 0
75 0
76 0
77 0
78 0
79 0
80 0
81 0
82 0
83 0
84 0
85 0
86 0
87 0
88 0
89 0
90 0
91 0
92 0
93 0
94 0
95 0
96 0
97 0
98 0
99 0
100 0
101 0
102 0
103 0
104 0
105 0
106 0
107 0
108 0
109 0
110 0
111 0
112 0
#############################



### angle = 9
-112 0
-111 0
-110 0
-109 0
-108 0
-107 0
-106 0
-105 0
-104 1.5
-103 0.5
-102 2
-101 3.5
-100 4
-99 9.5
-98 13.5
-97 20.5
-96 28
-95 32
-94 34
-93 36.5
-92 40.5
-91 43
-90 44
-89 45.5
-88 48.5
-87 50
-86 48.5
-85 56
-84 55
-83 59.5
-82 63.5
-81 62
-80 63.5
-79 64
-78 60
-77 58
-76 62
-75 65
-74 65
-73 64
-72 67.5
-71 73
-70 77.5
-69 78
-68 82
-67 82
-66 83
-65 88.5
-64 91
-63 95.5
-62 96
-61 97
-60 99.5
-59 102.5
-58 106.5
-57 115.5
-56 117
-55 113.5
-54 106
-53 106
-52 107
-51 111
-50 110
-49 112
-48 113.5
-47 120.5
-46 125.5
-45 124
-44 125.5
-43 128
-42 128.5
-41 127.5
-40 120.5
-39 116
-38 113.5
-37 104.5
-36 99
-35 98
-34 90
-33 88.5
-32 87.5
-31 86
-30 83.5
-29 86
-28 88
-27 79.5
-26 74.5
-25 73
-24 67.5
-23 67
-22 67
-21 67.5
-20 70.5
-19 70.5
-18 70
-17 76
-16 77.5
-15 77.5
-14 82
-13 80.5
-12 86
-11 93.5
-10 103
-9 102
-8 100.5
-7 107
-6 106
-5 109.5
-4 112
-3 112
-2 110
-1 118
0 118
1 115
2 112.5
3 106
4 108.5
5 107
6 112.5
7 118.5
8 119
9 122
10 123
11 120.5
12 119
13 118
14 118
15 110.5
16 105.5
17 103.5
18 95
19 87.5
20 73.5
21 70.5
22 74
23 71.5
24 70.5
25 77
26 81.5
27 86
28 87.5
29 90
30 92.5
31 103
32 107.5
33 106.5
34 106
35 111
36 112
37 110.5
38 116.5
39 115
40 116.5
41 111
42 112
43 107.5
44 106.5
45 100
46 102
47 100
48 94.5
49 86
50 81
51 80
52 77.5
53 92.5
54 83.5
55 79.5
56 76
57 62
58 57
59 49.5
60 48.5
61 52.5
62 54.5
63 57
64 60.5
65 58.5
66 58
67 55.5
68 55.5
69 53.5
70 53.5
71 51
72 52.5
73 53
74 50
75 45.5
76 44.5
77 43.5
78 42.5
79 42
80 40
81 39.5
82 39
83 39
84 40
85 36.5
86 36
87 34.5
88 36
89 33
90 33
91 34
92 34
93 31.5
94 32.5
95 27
96 25.5
97 23
98 18.5
99 18
100 14
101 13.5
102 13.5
103 13.5
104 12
105 9.5
106 7
107 5
108 3
109 1
110 0
111 0
112 0
#############################



### angle = 13.5
-112 0
-111 0
-110 0
-109 0
-108 0
-107 0
-106 0
-105 0
-104 0
-103 0
-102 0
-101 0
-100 0
-99 0
-98 0
-97 0
-96 0
-95 0
-94 0
-93 0
-92 0
-91 0
-90 0
-89 0
-88 0
-87 0
-86 0
-85 0
-84 0
-83 0
-82 0
-81 0
-80 0
-79 0
-78 0
-77 0
-76 0
-75 0
-74 0
-73 0
-72 0
-71 0
-70 0.5
-69 0
-68 0
-67 0
-66 0
-65 0.5
-64 0.5
-63 4
-62 4.5
-61 9
-60 15
-59 20
-58 26.5
-57 26.5
-56 31
-55 29.5
-54 35
-53 43
-52 53.5
-51 66.5
-50 66.5
-49 79.5
-48 88.5
-47 94.5
-46 102
-45 100.5
-44 105
-43 99.5
-42 106.5
-41 102
-40 106
-39 103
-38 97.5
-37 99
-36 98
-35 102.5
-34 102
-33 109.5
-32 110
-31 118.5
-30 128.5
-29 131.5
-28 143.5
-27 138
-26 152
-25 144.5
-24 148.5
-23 153.5
-22 158.5
-21 163.5
-20 159.5
-19 165.5
-18 160
-17 165
-16 160
-15 168
-14 166.5
-13 171
-12 168.5
-11 156.5
-10 150
-9 132.5
-8 123.5
-7 109
-6 95
-5 93
-4 84
-3 75.5
-2 65.5
-1 65
0 58
1 69.5
2 75.5
3 72.5
4 78.5
5 74.5
6 79.5
7 85
8 90.5
9 95.5
10 104.5
11 119
12 120.5
13 125.5
14 122.5
15 124
16 122.5
17 124.5
18 121.5
19 127.5
20 127
21 128
22 124
23 111.5
24 104.5
25 101.5
26 99
27 80
28 76.5
29 70
30 76
31 69
32 68.5
33 75.5
34 88
35 111
36 109
37 113.5
38 108.5
39 111
40 117
41 113.5
42 123.5
43 121.5
44 129
45 128
46 136.5
47 138
48 141
49 145.5
50 141
51 146
52 144
53 147
54 150.5
55 152.5
56 152
57 139
58 140
59 133
60 127.5
61 119.5
62 110.5
63 110.5
64 104
65 107.5
66 103.5
67 106.5
68 98
69 98
70 87
71 76.5
72 75.5
73 77
74 80
75 70
76 75.5
77 72
78 64
79 65.5
80 60
81 54
82 50
83 50.5
84 52.5
85 51
86 50.5
87 49.5
88 49.5
89 40
90 46.5
91 43.5
92 40.5
93 37
94 32
95 29.5
96 27
97 24
98 23
99 21
100 19
101 16
102 15
103 13
104 9.5
105 8
106 6
107 4
108 2
109 0
110 0
111 0
112 0
#############################



### angle = 18
-112 0
-111 0
-110 0
-109 0
-108 0
-107 0
-106 0
-105 0
-104 0
-103 0
-102 0
-101 0
-100 0
-99 0
-98 0
-97 0
-96 0
-95 0
-94 0
-93 0
-92 0
-91 1
-90 11.5
-89 22
-88 25.5
-87 24
-86 25.5
-85 37.5
-84 46.5
-83 57
-82 62.5
-81 71.5
-80 90
-79 90
-78 88.5
-77 86
-76 85.5
-75 86
-74 91
-73 93
-72 97
-71 99
-70 100
-69 105
-68 108.5
-67 110.5
-66 112.5
-65 111.5
-64 116
-63 118
-62 117.5
-61 119.5
-60 113.5
-59 109.5
-58 101.5
-57 92.5
-56 88
-55 87.5
-54 90
-53 86
-52 82
-51 75.5
-50 71.5
-49 72.5
-48 69.5
-47 75
-46 73.5
-45 81.5
-44 76
-43 83.5
-42 86.5
-41 83
-40 89
-39 104.5
-38 114
-37 112.5
-36 116
-35 120
-34 125.5
-33 130
-32 131.5
-31 131
-30 139.5
-29 138.5
-28 136
-27 137
-26 137.5
-25 149
-24 148
-23 144
-22 146.5
-21 131.5
-20 135
-19 127
-18 128
-17 128.5
-16 122.5
-15 119
-14 126
-13 132.5
-12 140
-11 141.5
-10 146
-9 136
-8 147
-7 149
-6 158.5
-5 151
-4 131.5
-3 114.5
-2 101
-1 87
0 87.5
1 88
2 73.5
3 65.5
4 62
5 57.5
6 63
7 57
8 57.5
9 59.5
10 57.5
11 57.5
12 57.5
13 57
14 64
15 58
16 59
17 62
18 61.5
19 55.5
20 59.5
21 56.5
22 63.5
23 60.5
24 55
25 58.5
26 61
27 59
28 65
29 69
30 68.5
31 74
32 74.5
33 80.5
34 87.5
35 93.5
36 100.5
37 100
38 99.5
39 99.5
40 99.5
41 99.5
42 97
43 97
44 99
45 95
46 95.5
47 92
48 91.5
49 89
50 86.5
51 83.5
52 82
53 81
54 77.5
55 75.5
56 78
57 75
58 74
59 74.5
60 72
61 72
62 68.5
63 67
64 64
65 59
66 61
67 54
68 58
69 61
70 64.5
71 65.5
72 64
73 65.5
74 63
75 69
76 67
77 65
78 64.5
79 63
80 58
81 59
82 55
83 53.5
84 52.5
85 48
86 47
87 47
88 43
89 41
90 40
91 38
92 30
93 31
94 25.5
95 24.5
96 27.5
97 19.5
98 16
99 10
100 9.5
101 4
102 6.5
103 3.5
104 4
105 2.5
106 1.5
107 1
108 0
109 0
110 0
111 0
112 0
#############################



### angle = 22.5
-112 0
-111 0
-110 0
-109 2
-108 4
-107 8
-106 9
-105 11
-104 13.5
-103 17
-102 18
-101 20
-100 24.5
-99 26
-98 27
-97 30
-96 33.5
-95 34
-94 35
-93 37
-92 37
-91 37.5
-90 39.5
-89 41.5
-88 43.5
-87 40.5
-86 32
-85 31
-84 31.5
-83 28
-82 27
-81 28.5
-80 29.5
-79 31.5
-78 37.5
-77 39.5
-76 41.5
-75 45.5
-74 52
-73 56.5
-72 57.5
-71 62
-70 67
-69 76.5
-68 82.5
-67 87
-66 91.5
-65 98.5
-64 105.5
-63 108
-62 101.5
-61 105
-60 99
-59 100.5
-58 108.5
-57 109
-56 116.5
-55 127
-54 129.5
-53 126.5
-52 132
-51 144.5
-50 137.5
-49 143.5
-48 149
-47 151
-46 155.5
-45 161.5
-44 158.5
-43 160
-42 166.5
-41 171.5
-40 173
-39 178.5
-38 174
-37 176
-36 173.5
-35 174.5
-34 182.5
-33 191
-32 193.5
-31 194.5
-30 193
-29 189
-28 187
-27 181.5
-26 186.5
-25 187.5
-24 185.5
-23 185.5
-22 175.5
-21 168.5
-20 160.5
-19 152.5
-18 147
-17 140
-16 131
-15 124
-14 119
-13 107.5
-12 98.5
-11 91.5
-10 89
-9 87.5
-8 87
-7 82
-6 78
-5 78.5
-4 83.5
-3 83
-2 72.5
-1 63
0 56.5
1 60.5
2 57.5
3 57.5
4 64.5
5 65.5
6 69.5
7 71
8 70.5
9 73.5
10 72.5
11 79
12 82.5
13 83.5
14 81
15 84.5
16 89
17 95.5
18 96.5
19 101
20 95.5
21 93.5
22 93.5
23 90.5
24 83
25 77
26 79
27 75.5
28 71
29 66
30 66.5
31 60
32 59
33 56
34 57.5
35 56.5
36 55
37 56.5
38 58
39 59.5
40 58.5
41 60
42 63.5
43 67.5
44 71
45 72
46 73
47 73
48 72.5
49 71
50 70.5
51 65.5
52 65
53 67.5
54 69.5
55 73
56 75
57 75
58 76
59 71
60 70.5
61 72
62 70.5
63 72
64 70.5
65 68
66 56.5
67 43.5
68 35.5
69 33.5
70 35
71 33
72 33.5
73 35
74 30.5
75 31
76 31
77 30
78 30.5
79 29.5
80 24
81 14
82 8
83 1
84 0
85 0
86 0
87 0
88 0
89 0
90 0
91 0
92 0
93 0
94 0
95 0
96 0
97 0
98 0
99 0
100 0
101 0
102 0
103 0
104 0
105 0
106 0
107 0
108 0
109 0
110 0
111 0
112 0
#############################



### angle = 27
-112 0
-111 0
-110 0
-109 0
-108 0
-107 0
-106 0
-105 0
-104 0
-103 0
-102 0
-101 0
-100 0
-99 0
-98 0
-97 0
-96 0
-95 0
-94 0
-93 2.5
-92 5.5
-91 6
-90 10.5
-89 11
-88 11
-87 13
-86 15
-85 24
-84 29.5
-83 35.5
-82 41.5
-81 44
-80 52.5
-79 56
-78 58
-77 61.5
-76 63.5
-75 62
-74 64.5
-73 64.5
-72 65.5
-71 69
-70 68
-69 68
-68 74
-67 72.5
-66 74.5
-65 72
-64 69.5
-63 68.5
-62 69.5
-61 66.5
-60 67.5
-59 70
-58 70.5
-57 73.5
-56 73
-55 80
-54 82
-53 86
-52 84
-51 86.5
-50 84
-49 83
-48 85.5
-47 85
-46 85
-45 83
-44 80
-43 80.5
-42 79.5
-41 78.5
-40 80
-39 77
-38 79.5
-37 78.5
-36 76
-35 74
-34 69
-33 64
-32 62.5
-31 59.5
-30 57
-29 54.5
-28 50.5
-27 45.5
-26 45
-25 44
-24 47.5
-23 48
-22 46.5
-21 41.5
-20 49.5
-19 49
-18 52.5
-17 54.5
-16 59.5
-15 62
-14 57
-13 62.5
-12 65
-11 66
-10 66.5
-9 68.5
-8 69.5
-7 76.5
-6 85.5
-5 93
-4 99
-3 102
-2 111
-1 115
0 118
1 118
2 118.5
3 113
4 116.5
5 116.5
6 119
7 122.5
8 128.5
9 124
10 128
11 128
12 125.5
13 133.5
14 129
15 130
16 129.5
17 130.5
18 137.5
19 130.5
20 138.5
21 142
22 139
23 142
24 153.5
25 162.5
26 167.5
27 166.5
28 157
29 154
30 139
31 132
32 129.5
33 133
34 128.5
35 132
36 130.5
37 125.5
38 131.5
39 131.5
40 131.5
41 141
42 141
43 142.5
44 147.5
45 145.5
46 149.5
47 145.5
48 150
49 149.5
50 146
51 138.5
52 138.5
53 133
54 125
55 119
56 118
57 106
58 97.5
59 84.5
60 82
61 91
62 82.5
63 79
64 72.5
65 72.5
66 67.5
67 68
68 70.5
69 62.5
70 56
71 57
72 60.5
73 58.5
74 60
75 58
76 53.5
77 56
78 61
79 58
80 55.5
81 53
82 50.5
83 47.5
84 43.5
85 44.5
86 40.5
87 43.5
88 43
89 40
90 39
91 35
92 33
93 32
94 27.5
95 25.5
96 19
97 21
98 16
99 13
100 10.5
101 6.5
102 3.5
103 3
104 1.5
105 0
106 0
107 0
108 0
109 0
110 0
111 0
112 0
#############################



### angle = 31.5
-112 0
-111 0
-110 0
-109 0
-108 0
-107 1
-106 3
-105 6
-104 7
-103 9
-102 13
-101 14
-100 16
-99 15.5
-98 21
-97 19
-96 21
-95 19
-94 20
-93 24
-92 25.5
-91 32
-90 34.5
-89 36
-88 37.5
-87 35.5
-86 40
-85 37
-84 40.5
-83 39
-82 42.5
-81 39
-80 37.5
-79 36.5
-78 33
-77 37
-76 32.5
-75 35
-74 32.5
-73 36
-72 38
-71 38.5
-70 43.5
-69 43
-68 44
-67 43.5
-66 47
-65 48.5
-64 49.5
-63 54
-62 57.5
-61 58
-60 62.5
-59 66
-58 70.5
-57 74.5
-56 73
-55 75.5
-54 77
-53 78.5
-52 77
-51 78
-50 80.5
-49 79.5
-48 87.5
-47 92
-46 92.5
-45 91.5
-44 84
-43 84
-42 81.5
-41 79.5
-40 76
-39 69.5
-38 69
-37 64.5
-36 65
-35 60.5
-34 59.5
-33 58
-32 56.5
-31 56
-30 50
-29 37
-28 29.5
-27 26
-26 23
-25 26
-24 25
-23 25
-22 23
-21 21.5
-20 23
-19 24.5
-18 28.5
-17 30.5
-16 37.5
-15 41.5
-14 42
-13 39.5
-12 39
-11 38.5
-10 37.5
-9 41
-8 44.5
-7 53.5
-6 58
-5 74
-4 86.5
-3 101.5
-2 114.5
-1 122.5
0 124.5
1 128.5
2 138
3 152
4 159.5
5 159.5
6 167.5
7 175
8 177.5
9 183
10 190
11 202.5
12 201
13 198.5
14 197
15 188.5
16 187
17 183.5
18 181.5
19 173
20 169.5
21 166
22 162
23 168
24 162.5
25 157.5
26 143
27 149
28 145
29 142
30 144
31 141.5
32 134.5
33 131.5
34 124
35 120.5
36 119
37 115.5
38 108.5
39 109.5
40 100.5
41 100.5
42 93.5
43 101.5
44 100.5
45 101
46 96.5
47 91
48 86
49 84.5
50 83
51 84
52 86
53 86.5
54 85.5
55 89.5
56 91.5
57 96
58 97.5
59 99.5
60 101
61 105
62 109.5
63 115
64 114
65 115.5
66 115
67 114.5
68 115
69 112
70 110.5
71 105
72 104
73 103.5
74 101
75 99.5
76 100
77 107
78 114
79 113
80 101
81 88.5
82 73
83 64.5
84 51.5
85 40
86 31.5
87 28.5
88 17
89 5
90 0
91 0
92 0
93 0
94 0
95 0
96 0
97 0
98 0
99 0
100 0
101 0
102 0
103 0
104 0
105 0
106 0
107 0
108 0
109 0
110 0
111 0
112 0
#############################



### angle = 36
-112 1.5
-111 2
-110 3.5
-109 4
-108 4
-107 10
-106 5.5
-105 12.5
-104 12
-103 13.5
-102 18.5
-101 11.5
-100 23
-99 18
-98 25.5
-97 24
-96 24
-95 32
-94 25.5
-93 36.5
-92 31
-91 34.5
-90 35.5
-89 40
-88 43.5
-87 40
-86 45.5
-85 46
-84 59
-83 63
-82 77
-81 80
-80 88.5
-79 95
-78 93
-77 107
-76 111.5
-75 114.5
-74 122.5
-73 115.5
-72 122.5
-71 110.5
-70 98
-69 95
-68 81
-67 82
-66 74.5
-65 80
-64 85
-63 80
-62 89.5
-61 90.5
-60 91.5
-59 87
-58 86.5
-57 90
-56 85
-55 86.5
-54 81
-53 86.5
-52 91.5
-51 94
-50 97.5
-49 118.5
-48 107
-47 115.5
-46 116.5
-45 114.5
-44 124.5
-43 115.5
-42 129.5
-41 120.5
-40 114.5
-39 114.5
-38 109.5
-37 108
-36 103.5
-35 104
-34 106.5
-33 108
-32 107
-31 107
-30 102
-29 109
-28 109.5
-27 131
-26 142
-25 144.5
-24 147
-23 142
-22 150.5
-21 140
-20 153.5
-19 142.5
-18 144.5
-17 151
-16 134.5
-15 153
-14 141.5
-13 151.5
-12 149
-11 141
-10 147.5
-9 127.5
-8 121
-7 103.5
-6 98
-5 100.5
-4 86
-3 89.5
-2 89
-1 85
0 91
1 82
2 95
3 92
4 98
5 101.5
6 93
7 103.5
8 89
9 98
10 94.5
11 96
12 95
13 103
14 104.5
15 107.5
16 110.5
17 112
18 120.5
19 113
20 113.5
21 123.5
22 112.5
23 121.5
24 117.5
25 121
26 124.5
27 119
28 123.5
29 123.5
30 116.5
31 116
32 97.5
33 107.5
34 96
35 93
36 93
37 83
38 91.5
39 83.5
40 91
41 87
42 86
43 87
44 85
45 79
46 76
47 71.5
48 70.5
49 68
50 68.5
51 67.5
52 69
53 66
54 67
55 66.5
56 66.5
57 66
58 66
59 65
60 71.5
61 67.5
62 61
63 55.5
64 51.5
65 43.5
66 36.5
67 27.5
68 22
69 13.5
70 3
71 0
72 0
73 0
74 0
75 0
76 0
77 0
78 0
79 0
80 0
81 0
82 0
83 0
84 0
85 0
86 0
87 0
88 0
89 0
90 0
91 0
92 0
93 0
94 0
95 0
96 0
97 0
98 0
99 0
100 0
101 0
102 0
103 0
104 0
105 0
106 0
107 0
108 0
109 0
110 0
111 0
112 0
#############################



### angle = 40.5
-112 0
-111 0
-110 0
-109 0
-108 0
-107 0
-106 0
-105 0
-104 0
-103 0
-102 0
-101 1.5
-100 0.5
-99 2.5
-98 5
-97 9.5
-96 16
-95 19
-94 27
-93 34
-92 37.5
-91 41
-90 45
-89 48
-88 48.5
-87 54
-86 55.5
-85 56.5
-84 55.5
-83 58
-82 58.5
-81 60
-80 57.5
-79 57.5
-78 59.5
-77 67
-76 70.5
-75 72
-74 77.5
-73 82
-72 80.5
-71 83.5
-70 82
-69 86.5
-68 85
-67 84.5
-66 86
-65 88
-64 92
-63 106
-62 111.5
-61 118.5
-60 123.5
-59 123
-58 127.5
-57 129
-56 135
-55 137
-54 134.5
-53 135
-52 127.5
-51 113
-50 108.5
-49 106.5
-48 109.5
-47 107.5
-46 107
-45 104
-44 100.5
-43 98.5
-42 106.5
-41 105.5
-40 104
-39 104.5
-38 98
-37 94
-36 95
-35 92
-34 81
-33 77
-32 74.5
-31 69
-30 75
-29 70.5
-28 67.5
-27 71.5
-26 75.5
-25 82.5
-24 79.5
-23 88.5
-22 82
-21 91
-20 93.5
-19 93
-18 102
-17 100
-16 116
-15 117
-14 109.5
-13 121.5
-12 111
-11 124.5
-10 134.5
-9 115
-8 127.5
-7 114.5
-6 123.5
-5 129
-4 101.5
-3 119
-2 105
-1 110.5
0 113.5
1 100.5
2 121.5
3 115
4 112.5
5 126
6 103.5
7 125.5
8 119
9 110.5
10 121
11 94.5
12 112
13 98.5
14 83
15 89
16 67
17 82.5
18 71
19 67.5
20 78.5
21 63
22 83
23 87
24 69
25 84.5
26 71.5
27 84.5
28 82.5
29 73.5
30 100
31 88
32 100
33 116.5
34 91.5
35 123
36 104
37 109.5
38 121
39 87.5
40 115.5
41 96.5
42 100
43 108
44 77.5
45 95.5
46 70.5
47 81
48 84
49 57.5
50 80
51 70.5
52 78.5
53 83
54 66.5
55 88
56 79
57 72
58 82.5
59 63
60 78
61 67
62 46.5
63 59
64 44
65 55.5
66 51.5
67 37.5
68 50
69 37
70 50
71 48.5
72 38.5
73 48.5
74 34
75 44
76 46
77 34.5
78 42.5
79 31.5
80 42
81 41
82 30
83 41.5
84 31
85 42.5
86 41.5
87 29.5
88 40
89 31.5
90 37
91 39.5
92 29.5
93 37.5
94 36
95 30
96 30
97 19.5
98 22.5
99 19
100 13
101 15.5
102 11
103 15.5
104 15.5
105 10
106 10.5
107 7
108 7
109 4
110 1
111 0
112 0
#############################



### angle = 45
-112 0
-111 0
-110 0
-109 0
-108 0
-107 0
-106 0
-105 0
-104 0
-103 0
-102 0
-101 0
-100 0
-99 0
-98 0
-97 0
-96 0
-95 0
-94 0
-93 0
-92 0
-91 0
-90 0
-89 0
-88 0
-87 0
-86 0
-85 0
-84 0
-83 0
-82 0
-81 0
-80 0
-79 0
-78 0
-77 0
-76 0
-75 0
-74 0
-73 0
-72 0
-71 0
-70 0
-69 0
-68 0.5
-67 0
-66 0
-65 0
-64 0
-63 0
-62 0.5
-61 3.5
-60 5
-59 7.5
-58 13
-57 15.5
-56 30
-55 39.5
-54 45
-53 51.5
-52 52.5
-51 57.5
-50 59
-49 60.5
-48 60.5
-47 64.5
-46 71
-45 78
-44 82.5
-43 92.5
-42 95
-41 103.5
-40 111
-39 111
-38 118
-37 115.5
-36 119
-35 120
-34 121
-33 124.5
-32 127.5
-31 126
-30 129
-29 122
-28 125
-27 145
-26 152.5
-25 166
-24 169
-23 178
-22 179.5
-21 181
-20 179.5
-19 173.5
-18 177
-17 176.5
-16 179.5
-15 181.5
-14 174.5
-13 176.5
-12 167
-11 159.5
-10 148.5
-9 142
-8 131.5
-7 117.5
-6 114.5
-5 104.5
-4 108.5
-3 101
-2 100.5
-1 93.5
0 89.5
1 80.5
2 73
3 64.5
4 62
5 64.5
6 67.5
7 71
8 78
9 86.5
10 92.5
11 97.5
12 98.5
13 112
14 107
15 108.5
16 112.5
17 111.5
18 115
19 111.5
20 108.5
21 101
22 101
23 100
24 95
25 94.5
26 81.5
27 82.5
28 71.5
29 68.5
30 69
31 73.5
32 83.5
33 81.5
34 84
35 95
36 102.5
37 105.5
38 118
39 123
40 129.5
41 126
42 132.5
43 135.5
44 138.5
45 140.5
46 135
47 131.5
48 135
49 130
50 129.5
51 131
52 131
53 139.5
54 139
55 144
56 137.5
57 140
58 134
59 131
60 128
61 111
62 109
63 103.5
64 105.5
65 107
66 93
67 92.5
68 90
69 78
70 75
71 69.5
72 68.5
73 72
74 79.5
75 84.5
76 82.5
77 84
78 84
79 75.5
80 75
81 76.5
82 62.5
83 67
84 64.5
85 57.5
86 60
87 54
88 53
89 50
90 51
91 50.5
92 46
93 39
94 37.5
95 31.5
96 26.5
97 25
98 23
99 18
100 14
101 13
102 9.5
103 9
104 5
105 4
106 1
107 0
108 0
109 0
110 0
111 0
112 0
#############################



### angle = 49.5
-112 0
-111 0
-110 0
-109 0
-108 0
-107 0
-106 0
-105 0
-104 0
-103 0
-102 0
-101 0
-100 0
-99 0
-98 0
-97 0
-96 2
-95 8
-94 12.5
-93 15
-92 22
-91 23.5
-90 22.5
-89 23
-88 25.5
-87 25.5
-86 29
-85 35.5
-84 40.5
-83 48.5
-82 53.5
-81 60
-80 63.5
-79 62.5
-78 65.5
-77 71.5
-76 75.5
-75 77.5
-74 87
-73 91.5
-72 99.5
-71 100.5
-70 100.5
-69 107.5
-68 106.5
-67 114
-66 110.5
-65 113
-64 108.5
-63 116.5
-62 115
-61 119.5
-60 117
-59 104
-58 101
-57 84.5
-56 83.5
-55 76
-54 75
-53 67.5
-52 71.5
-51 68.5
-50 68
-49 70.5
-48 71.5
-47 77
-46 75
-45 78.5
-44 75.5
-43 87
-42 98
-41 98.5
-40 109
-39 103
-38 110
-37 108.5
-36 117
-35 115
-34 119
-33 116.5
-32 116.5
-31 118.5
-30 115
-29 121
-28 117
-27 131
-26 132.5
-25 131
-24 148.5
-23 149.5
-22 159.5
-21 156
-20 158.5
-19 157
-18 152
-17 154
-16 139
-15 125
-14 122.5
-13 118.5
-12 117.5
-11 116
-10 115.5
-9 126.5
-8 120
-7 116.5
-6 117
-5 101.5
-4 107.5
-3 89.5
-2 97
-1 103
0 82.5
1 99.5
2 71.5
3 83
4 74
5 56.5
6 77
7 52.5
8 65.5
9 64
10 58
11 73
12 50
13 79
14 58
15 62.5
16 76
17 52.5
18 84.5
19 51.5
20 72
21 64.5
22 59.5
23 72.5
24 56
25 78
26 62.5
27 78
28 73
29 76.5
30 76
31 73.5
32 75
33 78
34 83
35 89.5
36 99
37 106.5
38 103.5
39 108
40 107
41 108
42 107
43 107.5
44 107.5
45 111
46 104.5
47 111
48 95.5
49 99.5
50 92.5
51 90
52 91.5
53 82.5
54 84.5
55 77
56 75.5
57 78.5
58 68.5
59 70.5
60 69.5
61 55
62 66.5
63 50.5
64 68.5
65 56.5
66 66.5
67 59
68 64
69 65.5
70 63.5
71 67
72 60
73 64.5
74 66
75 60
76 69.5
77 65.5
78 67
79 64
80 57.5
81 62.5
82 53
83 58.5
84 52
85 49.5
86 51.5
87 43
88 49
89 40.5
90 40
91 38.5
92 32.5
93 29
94 30
95 27.5
96 28
97 26.5
98 20.5
99 17.5
100 8
101 9
102 4
103 5
104 3.5
105 2
106 3.5
107 0.5
108 1
109 0
110 0
111 0
112 0
#############################



### angle = 54
-112 0
-111 1
-110 3
-109 6
-108 7
-107 10
-106 12.5
-105 12
-104 18
-103 17
-102 21
-101 24
-100 21.5
-99 30
-98 26.5
-97 32
-96 34
-95 33
-94 40
-93 37
-92 37.5
-91 40
-90 39.5
-89 44.5
-88 40
-87 37
-86 21.5
-85 14.5
-84 15.5
-83 16.5
-82 20.5
-81 18.5
-80 27
-79 24
-78 33.5
-77 37
-76 41.5
-75 49.5
-74 50.5
-73 60
-72 78
-71 89
-70 102
-69 103
-68 102
-67 107
-66 102.5
-65 102
-64 96.5
-63 102
-62 109.5
-61 116.5
-60 113.5
-59 122.5
-58 120.5
-57 120.5
-56 119.5
-55 121
-54 128.5
-53 133.5
-52 141
-51 136
-50 151
-49 149.5
-48 139
-47 145
-46 144
-45 149.5
-44 152.5
-43 141.5
-42 154
-41 143
-40 151
-39 154.5
-38 159
-37 173
-36 171.5
-35 184
-34 167
-33 174.5
-32 182
-31 189
-30 190
-29 189
-28 191.5
-27 191.5
-26 178.5
-25 174
-24 155.5
-23 161.5
-22 151.5
-21 145.5
-20 146.5
-19 130
-18 133
-17 128
-16 118
-15 113
-14 99.5
-13 95.5
-12 88.5
-11 89.5
-10 90
-9 93
-8 93.5
-7 91.5
-6 88.5
-5 89
-4 83
-3 71.5
-2 72.5
-1 73.5
0 78
1 83.5
2 79.5
3 84
4 77.5
5 76
6 83.5
7 82
8 80.5
9 79
10 83
11 86.5
12 84.5
13 88.5
14 85
15 98
16 97
17 91.5
18 92.5
19 90
20 93.5
21 93.5
22 96
23 95
24 90
25 96
26 87.5
27 91.5
28 89
29 83
30 88.5
31 76.5
32 77
33 73.5
34 64.5
35 66
36 63.5
37 63.5
38 63.5
39 64
40 62.5
41 63.5
42 65.5
43 71.5
44 75
45 73.5
46 69.5
47 72.5
48 74
49 72.5
50 74.5
51 72.5
52 74.5
53 73
54 74
55 72.5
56 73
57 72.5
58 70
59 70.5
60 70
61 65
62 62.5
63 59.5
64 56
65 55.5
66 44.5
67 42.5
68 39.5
69 37.5
70 36
71 32
72 32.5
73 30.5
74 29.5
75 28
76 11
77 0
78 0
79 0
80 0
81 0
82 0
83 0
84 0
85 0
86 0
87 0
88 0
89 0
90 0
91 0
92 0
93 0
94 0
95 0
96 0
97 0
98 0
99 0
100 0
101 0
102 0
103 0
104 0
105 0
106 0
107 0
108 0
109 0
110 0
111 0
112 0
#############################



### angle = 58.5
-112 0
-111 0
-110 0
-109 0
-108 0
-107 0
-106 0
-105 0
-104 0
-103 0
-102 0
-101 0
-100 0
-99 0
-98 1
-97 2.5
-96 3.5
-95 6
-94 8.5
-93 11.5
-92 9
-91 10.5
-90 11
-89 16.5
-88 20
-87 31.5
-86 32
-85 44.5
-84 42
-83 42.5
-82 56
-81 50
-80 62
-79 53.5
-78 57
-77 70.5
-76 58
-75 67
-74 62
-73 61.5
-72 73
-71 62.5
-70 63.5
-69 77.5
-68 63.5
-67 75
-66 61
-65 62
-64 74
-63 63.5
-62 77
-61 64.5
-60 67
-59 85.5
-58 73
-57 75.5
-56 93
-55 79
-54 100.5
-53 84
-52 80
-51 93
-50 74
-49 89
-48 77
-47 76
-46 91.5
-45 75.5
-44 75
-43 91
-42 74
-41 89.5
-40 70.5
-39 66.5
-38 72.5
-37 59.5
-36 68.5
-35 57
-34 56
-33 66.5
-32 56
-31 59.5
-30 70
-29 55
-28 66
-27 55
-26 52.5
-25 60.5
-24 44
-23 52.5
-22 41.5
-21 42
-20 49
-19 41
-18 38
-17 45.5
-16 40.5
-15 51.5
-14 46
-13 50.5
-12 62
-11 57.5
-10 74.5
-9 72.5
-8 77.5
-7 94
-6 87.5
-5 89.5
-4 104.5
-3 92.5
-2 110.5
-1 97.5
0 93.5
1 106.5
2 100.5
3 114.5
4 110
5 117
6 136
7 134
8 138.5
9 148
10 142.5
11 152.5
12 144
13 143.5
14 154.5
15 142
16 147
17 136
18 139
19 149.5
20 142.5
21 142
22 155
23 141
24 151.5
25 136.5
26 127.5
27 130
28 110.5
29 113
30 102.5
31 107
32 127.5
33 126
34 134.5
35 143.5
36 138
37 147
38 139.5
39 138
40 141.5
41 129.5
42 142
43 132
44 137
45 148
46 136
47 139.5
48 134.5
49 132.5
50 137.5
51 133.5
52 130.5
53 123
54 115.5
55 114
56 103.5
57 106
58 112.5
59 107
60 109.5
61 102
62 99
63 91
64 87
65 85.5
66 86
67 78.5
68 71.5
69 67
70 63
71 59.5
72 49
73 54
74 53.5
75 52
76 54
77 56
78 56.5
79 63.5
80 60
81 57.5
82 55.5
83 51.5
84 47.5
85 45.5
86 39.5
87 42
88 41
89 40.5
90 37.5
91 32.5
92 30
93 27.5
94 21.5
95 18
96 17
97 10
98 7
99 3.5
100 1.5
101 0
102 0
103 0
104 0
105 0
106 0
107 0
108 0
109 0
110 0
111 0
112 0
#############################



### angle = 63
-112 0
-111 0
-110 0
-109 0
-108 0
-107 0
-106 0
-105 0
-104 1
-103 3
-102 5
-101 7
-100 11
-99 15
-98 13.5
-97 14
-96 18
-95 24.5
-94 26
-93 21.5
-92 21
-91 24
-90 26
-89 25.5
-88 26.5
-87 34.5
-86 36
-85 36.5
-84 34
-83 38.5
-82 40
-81 42
-80 39.5
-79 42
-78 40
-77 39.5
-76 37
-75 34.5
-74 40
-73 37.5
-72 37.5
-71 37.5
-70 47.5
-69 45.5
-68 44.5
-67 42.5
-66 53
-65 57.5
-64 55
-63 52
-62 63.5
-61 64.5
-60 66
-59 64
-58 70
-57 75
-56 74
-55 71
-54 69
-53 73.5
-52 72.5
-51 70.5
-50 67.5
-49 70.5
-48 76
-47 74.5
-46 72
-45 75
-44 80.5
-43 82
-42 81.5
-41 75.5
-40 65
-39 71
-38 69
-37 73.5
-36 64.5
-35 71.5
-34 72.5
-33 67.5
-32 64.5
-31 63
-30 62.5
-29 61.5
-28 52.5
-27 46
-26 35.5
-25 34
-24 33
-23 30
-22 19
-21 18.5
-20 20.5
-19 18.5
-18 14
-17 14.5
-16 18.5
-15 20.5
-14 15.5
-13 16
-12 15.5
-11 19.5
-10 29
-9 47
-8 56
-7 65.5
-6 75
-5 86.5
-4 98.5
-3 111.5
-2 118
-1 124.5
0 123
1 120
2 121
3 125.5
4 134
5 140.5
6 144.5
7 150
8 156.5
9 159.5
10 159.5
11 173
12 179
13 178
14 176.5
15 175
16 176.5
17 176.5
18 181.5
19 182.5
20 185.5
21 186
22 184
23 180.5
24 186
25 190.5
26 192.5
27 183
28 168
29 171.5
30 165.5
31 166.5
32 157.5
33 160.5
34 154
35 146
36 136
37 137.5
38 127
39 118.5
40 109.5
41 117
42 121
43 109.5
44 92.5
45 87.5
46 85
47 89
48 90
49 94
50 95
51 105.5
52 99
53 99
54 103
55 102
56 99.5
57 100
58 101
59 102.5
60 104.5
61 103.5
62 101.5
63 97
64 102
65 97
66 96.5
67 104
68 101
69 94
70 93.5
71 94
72 93.5
73 90.5
74 87.5
75 82.5
76 83
77 85.5
78 81
79 76.5
80 76.5
81 78
82 70.5
83 64
84 53
85 48.5
86 39
87 37
88 33.5
89 32
90 29
91 21.5
92 16
93 10
94 4
95 0
96 0
97 0
98 0
99 0
100 0
101 0
102 0
103 0
104 0
105 0
106 0
107 0
108 0
109 0
110 0
111 0
112 0
#############################



### angle = 67.5
-112 1.5
-111 3
-110 2.5
-109 5
-108 4.5
-107 9
-106 8.5
-105 12
-104 13
-103 16
-102 17.5
-101 16
-100 21
-99 21.5
-98 23.5
-97 26
-96 27
-95 31.5
-94 31.5
-93 33.5
-92 32
-91 38
-90 41
-89 38.5
-88 42.5
-87 45
-86 44.5
-85 48.5
-84 50
-83 52
-82 50
-81 54.5
-80 53.5
-79 52
-78 57
-77 80
-76 98.5
-75 114.5
-74 127.5
-73 123
-72 120.5
-71 121.5
-70 112
-69 106
-68 99
-67 91
-66 89.5
-65 93
-64 83.5
-63 82
-62 91
-61 93.5
-60 96.5
-59 92
-58 89
-57 102.5
-56 97.5
-55 97
-54 93.5
-53 95
-52 96
-51 88.5
-50 85.5
-49 82.5
-48 86
-47 94
-46 99
-45 103.5
-44 100
-43 108
-42 104
-41 104.5
-40 107.5
-39 107
-38 113.5
-37 106.5
-36 111.5
-35 109
-34 108.5
-33 129.5
-32 142
-31 148.5
-30 152.5
-29 154
-28 152.5
-27 151.5
-26 155
-25 161.5
-24 166.5
-23 165.5
-22 158.5
-21 156.5
-20 161
-19 165
-18 157.5
-17 156
-16 157
-15 156.5
-14 156
-13 144
-12 143.5
-11 142.5
-10 141
-9 133
-8 119.5
-7 120.5
-6 119
-5 120
-4 111.5
-3 102.5
-2 85
-1 73.5
0 71.5
1 67
2 62.5
3 58
4 60.5
5 63.5
6 65.5
7 69
8 76
9 81
10 78.5
11 82
12 78
13 79.5
14 84.5
15 82.5
16 85
17 91.5
18 96.5
19 108.5
20 112
21 119.5
22 119
23 126
24 120.5
25 118
26 111
27 109.5
28 113.5
29 106
30 106
31 104.5
32 101
33 102
34 98
35 97
36 92.5
37 90
38 81
39 77.5
40 70
41 70.5
42 73.5
43 72.5
44 75
45 77.5
46 78
47 78
48 78
49 75
50 74.5
51 72
52 72.5
53 73
54 70.5
55 69
56 69
57 70.5
58 68
59 68
60 67.5
61 67
62 65.5
63 65.5
64 66.5
65 64.5
66 62
67 61
68 62
69 56
70 41.5
71 20.5
72 0
73 0
74 0
75 0
76 0
77 0
78 0
79 0
80 0
81 0
82 0
83 0
84 0
85 0
86 0
87 0
88 0
89 0
90 0
91 0
92 0
93 0
94 0
95 0
96 0
97 0
98 0
99 0
100 0
101 0
102 0
103 0
104 0
105 0
106 0
107 0
108 0
109 0
110 0
111 0
112 0
#############################



### angle = 72
-112 0
-111 0
-110 0
-109 0
-108 0
-107 0
-106 0
-105 0
-104 0
-103 0
-102 0
-101 0
-100 0
-99 0
-98 0.5
-97 1.5
-96 3.5
-95 7.5
-94 13
-93 18
-92 24.5
-91 32
-90 40
-89 44
-88 49.5
-87 53.5
-86 56.5
-85 60.5
-84 62.5
-83 63.5
-82 59
-81 59.5
-80 56
-79 61.5
-78 67
-77 72
-76 75.5
-75 82.5
-74 90.5
-73 89.5
-72 92
-71 93
-70 95.5
-69 97.5
-68 102.5
-67 105
-66 111.5
-65 119
-64 120
-63 122.5
-62 122
-61 124
-60 126.5
-59 126
-58 125.5
-57 127.5
-56 129.5
-55 129.5
-54 124
-53 124
-52 124.5
-51 123.5
-50 120.5
-49 118.5
-48 118
-47 103
-46 102
-45 98
-44 93
-43 91
-42 81.5
-41 73.5
-40 72
-39 66.5
-38 73
-37 75
-36 71.5
-35 71
-34 68
-33 61.5
-32 66
-31 67
-30 72.5
-29 74.5
-28 82
-27 79.5
-26 89.5
-25 99.5
-24 105.5
-23 115.5
-22 115.5
-21 122.5
-20 126.5
-19 128
-18 136
-17 140.5
-16 144.5
-15 149
-14 148.5
-13 148.5
-12 142.5
-11 142
-10 137
-9 137.5
-8 132.5
-7 129.5
-6 126.5
-5 119.5
-4 117
-3 115.5
-2 117
-1 121
0 117
1 118.5
2 117
3 118
4 115
5 118.5
6 112
7 100.5
8 95
9 92.5
10 90.5
11 79
12 72
13 71.5
14 71
15 73.5
16 75
17 71
18 76
19 77
20 85.5
21 81
22 80.5
23 82
24 77
25 81
26 74.5
27 70
28 74.5
29 68
30 73.5
31 79.5
32 82
33 89
34 84.5
35 90
36 94
37 93.5
38 97
39 92.5
40 87.5
41 80
42 78.5
43 78
44 69
45 72.5
46 70
47 74
48 73
49 79
50 82
51 75.5
52 82.5
53 86.5
54 92.5
55 91
56 87
57 91.5
58 76
59 79.5
60 76.5
61 70.5
62 62.5
63 49
64 39.5
65 39.5
66 39
67 40
68 40
69 36
70 38.5
71 37.5
72 34
73 40
74 32.5
75 40.5
76 35
77 37.5
78 39
79 36
80 39.5
81 34.5
82 36
83 37.5
84 33.5
85 39.5
86 33.5
87 37
88 38
89 34.5
90 41
91 35.5
92 36.5
93 37.5
94 35
95 35.5
96 26
97 24.5
98 19
99 17
100 15.5
101 14
102 14.5
103 13.5
104 13.5
105 15
106 10.5
107 9
108 7
109 5
110 3
111 1
112 0
#############################



### angle = 76.5
-112 0
-111 0
-110 0
-109 0
-108 0
-107 0
-106 0
-105 0
-104 0
-103 0
-102 0
-101 0
-100 0
-99 0
-98 0
-97 0
-96 0
-95 0
-94 0
-93 0
-92 0
-91 0
-90 0
-89 0
-88 0
-87 0
-86 0
-85 0
-84 0
-83 0
-82 0
-81 0
-80 0
-79 0
-78 0
-77 0
-76 0
-75 0
-74 0
-73 0
-72 0
-71 0
-70 0
-69 0
-68 0
-67 0
-66 0
-65 0.5
-64 0
-63 1
-62 0
-61 0
-60 6
-59 16
-58 19
-57 25
-56 35.5
-55 40
-54 40.5
-53 37
-52 47.5
-51 57.5
-50 61
-49 56
-48 63.5
-47 71
-46 83.5
-45 68.5
-44 74.5
-43 81.5
-42 93.5
-41 85.5
-40 86
-39 101
-38 106.5
-37 112.5
-36 100
-35 120.5
-34 122
-33 127
-32 127
-31 152
-30 153
-29 159
-28 148.5
-27 159.5
-26 158
-25 167.5
-24 162
-23 166
-22 171
-21 170
-20 168.5
-19 163
-18 170.5
-17 172.5
-16 168.5
-15 165
-14 180.5
-13 179.5
-12 175.5
-11 162
-10 160.5
-9 162
-8 162
-7 145
-6 133.5
-5 134.5
-4 128
-3 111.5
-2 103.5
-1 103.5
0 114.5
1 100
2 93
3 82.5
4 94.5
5 77.5
6 69.5
7 57
8 67.5
9 74.5
10 87
11 78.5
12 80.5
13 84
14 90
15 81
16 72
17 74.5
18 79
19 85.5
20 75
21 81
22 86
23 102
24 83.5
25 91.5
26 87
27 109.5
28 89.5
29 99
30 98
31 106
32 99.5
33 89
34 94
35 104
36 104
37 103
38 106
39 118.5
40 114.5
41 117
42 126.5
43 148.5
44 146
45 132.5
46 137.5
47 143.5
48 137
49 129
50 126.5
51 130
52 132
53 122
54 122.5
55 132.5
56 138.5
57 120.5
58 117
59 119
60 124
61 106.5
62 92.5
63 95.5
64 99
65 81.5
66 67
67 67.5
68 83
69 77.5
70 71
71 70.5
72 86.5
73 90
74 86.5
75 81.5
76 96.5
77 100.5
78 98
79 80
80 87.5
81 87.5
82 84.5
83 69.5
84 70
85 68.5
86 56
87 55
88 61.5
89 61
90 54
91 46
92 50
93 46
94 36
95 31
96 28
97 29
98 20
99 16
100 11
101 11
102 6
103 2
104 0
105 0
106 0
107 0
108 0
109 0
110 0
111 0
112 0
#############################



### angle = 81
-112 0
-111 0
-110 0
-109 0
-108 0
-107 0
-106 0
-105 0
-104 0
-103 0
-102 0
-101 0
-100 3
-99 7
-98 13.5
-97 12.5
-96 15.5
-95 18
-94 22
-93 23
-92 22.5
-91 25
-90 28.5
-89 26.5
-88 31
-87 28.5
-86 31
-85 34
-84 38.5
-83 42.5
-82 51
-81 54.5
-80 62
-79 59.5
-78 64.5
-77 67
-76 63.5
-75 61
-74 62.5
-73 68.5
-72 77.5
-71 77
-70 80.5
-69 90
-68 93.5
-67 96
-66 103
-65 111
-64 111
-63 109
-62 112.5
-61 110.5
-60 110
-59 101
-58 92.5
-57 82.5
-56 79.5
-55 76.5
-54 75
-53 71
-52 71
-51 72
-50 73
-49 74.5
-48 80
-47 89
-46 93
-45 94
-44 93
-43 99
-42 101.5
-41 107
-40 102.5
-39 105.5
-38 105.5
-37 100
-36 98
-35 100.5
-34 102.5
-33 104.5
-32 111.5
-31 116
-30 115.5
-29 115
-28 114
-27 117
-26 119.5
-25 122.5
-24 128.5
-23 132.5
-22 137.5
-21 139.5
-20 139
-19 142
-18 155
-17 157.5
-16 153.5
-15 159.5
-14 153
-13 150
-12 149.5
-11 130
-10 124
-9 101
-8 93.5
-7 88
-6 87.5
-5 85.5
-4 80
-3 80.5
-2 87
-1 84
0 85.5
1 80
2 83
3 86
4 84.5
5 74.5
6 72
7 65.5
8 65
9 60
10 54.5
11 56
12 59
13 58
14 63.5
15 65.5
16 73
17 71.5
18 77.5
19 78
20 75
21 75
22 75
23 72.5
24 72
25 72
26 74
27 77.5
28 82
29 80.5
30 84
31 86.5
32 87
33 87.5
34 94.5
35 101
36 108
37 106
38 112.5
39 109
40 113
41 114
42 112
43 116
44 114
45 112.5
46 114.5
47 107
48 107.5
49 104.5
50 100.5
51 98.5
52 95
53 87.5
54 89
55 82.5
56 79
57 78
58 68
59 64.5
60 63.5
61 60.5
62 68.5
63 71.5
64 62.5
65 63.5
66 62
67 63.5
68 65
69 65
70 66
71 66
72 60
73 62.5
74 60
75 60
76 64.5
77 68
78 66
79 63.5
80 62
81 60.5
82 59.5
83 55
84 55
85 53.5
86 49
87 47.5
88 47
89 44
90 39.5
91 34
92 34
93 32
94 31
95 30
96 29.5
97 25.5
98 26
99 19
100 11.5
101 7.5
102 5
103 4
104 2.5
105 3
106 2.5
107 0.5
108 1
109 0
110 0
111 0
112 0
#############################



### angle = 85.5
-112 1
-111 2
-110 5
-109 7
-108 9
-107 9.5
-106 14
-105 15
-104 16
-103 20
-102 20
-101 25
-100 23.5
-99 28
-98 29.5
-97 28
-96 36
-95 34
-94 38
-93 40
-92 38
-91 43
-90 38
-89 43.5
-88 38
-87 25.5
-86 15.5
-85 15.5
-84 8.5
-83 8.5
-82 9
-81 12.5
-80 21.5
-79 24
-78 33
-77 44
-76 57.5
-75 85
-74 86
-73 89
-72 95.5
-71 94
-70 105
-69 98.5
-68 105
-67 104
-66 107
-65 108
-64 106
-63 115
-62 120
-61 119.5
-60 127
-59 125.5
-58 128.5
-57 131
-56 138
-55 139
-54 140
-53 144
-52 142
-51 137.5
-50 142
-49 143
-48 141
-47 137.5
-46 131
-45 130
-44 133.5
-43 131
-42 131.5
-41 132
-40 133.5
-39 139
-38 132
-37 140
-36 142.5
-35 157.5
-34 165.5
-33 165.5
-32 166
-31 169.5
-30 172.5
-29 175.5
-28 169
-27 167
-26 160
-25 153
-24 155
-23 146
-22 146.5
-21 147
-20 132
-19 120.5
-18 113
-17 112.5
-16 110.5
-15 107
-14 103.5
-13 95.5
-12 95
-11 98.5
-10 94.5
-9 95
-8 92
-7 97
-6 85
-5 89
-4 88.5
-3 85.5
-2 84.5
-1 88
0 95
1 91
2 93
3 93
4 96.5
5 95
6 97.5
7 94.5
8 90
9 84
10 79.5
11 86.5
12 98
13 92
14 97.5
15 94.5
16 92
17 102
18 103.5
19 101
20 102.5
21 99
22 99
23 98
24 98
25 100.5
26 98.5
27 103
28 101.5
29 99
30 102.5
31 97
32 91.5
33 88
34 88
35 86
36 82.5
37 82.5
38 75.5
39 71.5
40 73.5
41 75.5
42 71.5
43 75
44 76.5
45 73.5
46 73.5
47 73
48 73.5
49 74.5
50 75
51 72.5
52 71
53 72
54 66
55 63.5
56 63
57 61.5
58 63.5
59 64
60 67.5
61 68.5
62 65.5
63 64.5
64 56.5
65 47.5
66 41
67 35.5
68 33
69 30.5
70 15
71 0
72 0.5
73 0
74 0
75 0
76 0
77 0
78 0
79 0
80 0
81 0
82 0
83 0
84 0
85 0
86 0
87 0
88 0
89 0
90 0
91 0
92 0
93 0
94 0
95 0
96 0
97 0
98 0
99 0
100 0
101 0
102 0
103 0
104 0
105 0
106 0
107 0
108 0
109 0
110 0
111 0
112 0
#############################



### angle = 90
-112 0
-111 0
-110 0
-109 0
-108 0
-107 0
-106 0
-105 0
-104 0
-103 0
-102 0
-101 1.5
-100 3.5
-99 3.5
-98 6
-97 7
-96 11.5
-95 9
-94 10.5
-93 8.5
-92 21.5
-91 16
-90 23
-89 30.5
-88 49
-87 40
-86 38
-85 40.5
-84 46.5
-83 63.5
-82 48
-81 49
-80 51.5
-79 81
-78 56
-77 57.5
-76 58
-75 86
-74 55.5
-73 57.5
-72 60.5
-71 78.5
-70 65.5
-69 56.5
-68 57.5
-67 66
-66 78
-65 58.5
-64 58.5
-63 60
-62 96
-61 68
-60 74
-59 76
-58 112
-57 81
-56 76
-55 76.5
-54 100.5
-53 89.5
-52 73.5
-51 73
-50 85.5
-49 99
-48 77
-47 75
-46 77.5
-45 106
-44 68.5
-43 61
-42 58
-41 87.5
-40 55.5
-39 56.5
-38 59.5
-37 85.5
-36 71
-35 66.5
-34 67
-33 81.5
-32 83.5
-31 60.5
-30 62.5
-29 72.5
-28 75
-27 49
-26 48.5
-25 47
-24 67
-23 45
-22 43
-21 43
-20 62
-19 40.5
-18 37.5
-17 37
-16 51
-15 37
-14 35
-13 35.5
-12 53.5
-11 50.5
-10 55.5
-9 64
-8 75
-7 93.5
-6 82.5
-5 84
-4 90.5
-3 114.5
-2 91.5
-1 90.5
0 94
1 119
2 100
3 95
4 109.5
5 138.5
6 135.5
7 139.5
8 142
9 158
10 161
11 150
12 151.5
13 157
14 165.5
15 151.5
16 147
17 152
18 177.5
19 152
20 151
21 147.5
22 162
23 144.5
24 126
25 126
26 131
27 136
28 104
29 99.5
30 112
31 113
32 98.5
33 101.5
34 100.5
35 116
36 104
37 115.5
38 127.5
39 143.5
40 136
41 135.5
42 133.5
43 137.5
44 144
45 132.5
46 132.5
47 130.5
48 130.5
49 115
50 110
51 104.5
52 107
53 110
54 108.5
55 109.5
56 118
57 106
58 105.5
59 108
60 113.5
61 113.5
62 109.5
63 105
64 108.5
65 97.5
66 98.5
67 93.5
68 82
69 80.5
70 78
71 76
72 72
73 66.5
74 60.5
75 52
76 54
77 52
78 57.5
79 56.5
80 64.5
81 62.5
82 61
83 56
84 51
85 46.5
86 42
87 43.5
88 39.5
89 38
90 29
91 26
92 21.5
93 13
94 10.5
95 2.5
96 1
97 0
98 0
99 0
100 0
101 0
102 0
103 0
104 0
105 0
106 0
107 0
108 0
109 0
110 0
111 0
112 0
#############################



### angle = 94.5
-112 0
-111 0
-110 0
-109 0
-108 0
-107 0
-106 0
-105 0
-104 0
-103 0
-102 0
-101 0
-100 1
-99 4
-98 6
-97 9
-96 13
-95 15
-94 15.5
-93 19
-92 23.5
-91 26
-90 27
-89 29.5
-88 23.5
-87 25
-86 23.5
-85 24.5
-84 28.5
-83 34
-82 35.5
-81 37.5
-80 39
-79 39.5
-78 39.5
-77 40
-76 39.5
-75 43.5
-74 44
-73 43.5
-72 44.5
-71 44
-70 46.5
-69 43
-68 48
-67 50
-66 54.5
-65 59.5
-64 60
-63 61.5
-62 64
-61 65.5
-60 66
-59 64
-58 68
-57 72.5
-56 72
-55 72
-54 71.5
-53 72
-52 69
-51 70
-50 69
-49 69
-48 67.5
-47 67.5
-46 66.5
-45 65.5
-44 63.5
-43 61.5
-42 60
-41 60.5
-40 65
-39 71
-38 68.5
-37 69.5
-36 68
-35 66
-34 70.5
-33 70
-32 71
-31 73.5
-30 78
-29 69.5
-28 67.5
-27 64
-26 53.5
-25 43.5
-24 38.5
-23 39
-22 36.5
-21 31
-20 27.5
-19 27
-18 25
-17 22.5
-16 19.5
-15 25.5
-14 28
-13 26
-12 32
-11 31
-10 36.5
-9 42.5
-8 49.5
-7 57
-6 64
-5 73.5
-4 83
-3 95
-2 106
-1 107
0 111.5
1 117
2 118.5
3 117.5
4 118
5 114.5
6 115
7 117.5
8 120
9 127.5
10 129
11 138
12 144.5
13 160.5
14 163.5
15 177.5
16 172.5
17 177.5
18 180
19 183
20 191.5
21 193
22 200
23 203.5
24 200
25 203
26 201.5
27 201.5
28 205
29 193.5
30 184
31 173
32 171.5
33 167
34 169
35 166
36 165.5
37 161.5
38 154
39 148
40 137.5
41 135
42 117
43 109.5
44 111
45 106
46 98
47 98
48 103.5
49 98.5
50 106
51 114.5
52 119.5
53 120
54 120.5
55 116
56 108.5
57 108
58 105.5
59 101.5
60 97
61 93.5
62 95.5
63 91.5
64 93.5
65 91.5
66 85
67 81.5
68 77
69 70
70 65.5
71 71
72 70
73 72
74 75
75 72.5
76 67
77 68
78 65
79 61.5
80 64
81 61.5
82 63.5
83 63.5
84 57
85 48.5
86 44.5
87 38.5
88 37.5
89 34
90 33.5
91 32.5
92 30
93 26
94 21
95 18
96 14
97 10
98 5
99 1
100 0
101 0
102 0
103 0
104 0
105 0
106 0
107 0
108 0
109 0
110 0
111 0
112 0
#############################



### angle = 99
-112 1
-111 0.5
-110 4.5
-109 2.5
-108 6.5
-107 6
-106 10
-105 11
-104 12.5
-103 14
-102 17.5
-101 18.5
-100 21.5
-99 21.5
-98 25
-97 25.5
-96 28.5
-95 32
-94 30.5
-93 37
-92 34.5
-91 37.5
-90 42
-89 42
-88 44
-87 42.5
-86 45
-85 48
-84 44
-83 50
-82 48
-81 49.5
-80 51
-79 52.5
-78 56
-77 54.5
-76 61.5
-75 61.5
-74 70
-73 93.5
-72 109.5
-71 127
-70 114.5
-69 108
-68 98
-67 93.5
-66 101.5
-65 96.5
-64 101.5
-63 103.5
-62 104.5
-61 100.5
-60 101.5
-59 104
-58 103
-57 109
-56 104
-55 102
-54 97.5
-53 97.5
-52 93
-51 94.5
-50 88.5
-49 89.5
-48 84.5
-47 85.5
-46 79.5
-45 77.5
-44 86
-43 85
-42 97.5
-41 100.5
-40 116
-39 125
-38 129
-37 143.5
-36 135.5
-35 140
-34 143.5
-33 147
-32 150.5
-31 153.5
-30 160
-29 174
-28 179
-27 180
-26 179.5
-25 180
-24 177.5
-23 176.5
-22 164.5
-21 162.5
-20 161.5
-19 153
-18 156.5
-17 150
-16 151
-15 151.5
-14 148
-13 141.5
-12 137
-11 129.5
-10 127
-9 118.5
-8 113
-7 112
-6 107
-5 100.5
-4 97.5
-3 98.5
-2 96.5
-1 89
0 82.5
1 79
2 83.5
3 78
4 76.5
5 61.5
6 62
7 64
8 62.5
9 58.5
10 60
11 61
12 66
13 59
14 68
15 66
16 79.5
17 78
18 83
19 92.5
20 87.5
21 97
22 97.5
23 106.5
24 102.5
25 103.5
26 103
27 103.5
28 101.5
29 100
30 97.5
31 97
32 91
33 93
34 88.5
35 87
36 85.5
37 83.5
38 84.5
39 83
40 83
41 77.5
42 74.5
43 74.5
44 73
45 71.5
46 73
47 74
48 73
49 74.5
50 73
51 73
52 73
53 73
54 72
55 71
56 72
57 73.5
58 73.5
59 75
60 75
61 72.5
62 69.5
63 70.5
64 69.5
65 66.5
66 67
67 63.5
68 61.5
69 59
70 58.5
71 54
72 53.5
73 58.5
74 33
75 14
76 0
77 0
78 0
79 0
80 0
81 0
82 0
83 0
84 0
85 0
86 0
87 0
88 0
89 0
90 0
91 0
92 0
93 0
94 0
95 0
96 0
97 0
98 0
99 0
100 0
101 0
102 0
103 0
104 0
105 0
106 0
107 0
108 0
109 0
110 0
111 0
112 0
#############################



### angle = 103.5
-112 0
-111 0
-110 0
-109 0
-108 0
-107 0
-106 0
-105 0
-104 0
-103 0
-102 0
-101 0
-100 0
-99 0
-98 0
-97 0
-96 0
-95 0
-94 0.5
-93 2
-92 8
-91 14
-90 24
-89 29.5
-88 35
-87 47
-86 54
-85 61
-84 65
-83 64
-82 64.5
-81 70
-80 72
-79 76.5
-78 83
-77 81.5
-76 82
-75 88
-74 97.5
-73 109.5
-72 120.5
-71 129
-70 134.5
-69 133
-68 127
-67 127
-66 117.5
-65 117
-64 113.5
-63 112
-62 112
-61 111
-60 112.5
-59 114
-58 116.5
-57 120
-56 122
-55 121.5
-54 116.5
-53 118
-52 118
-51 113.5
-50 115.5
-49 116
-48 111.5
-47 113
-46 113.5
-45 100.5
-44 92.5
-43 83
-42 71
-41 65
-40 59
-39 53
-38 48.5
-37 45.5
-36 39.5
-35 43.5
-34 44
-33 63
-32 75.5
-31 86.5
-30 96.5
-29 101
-28 107.5
-27 115
-26 117
-25 124
-24 125
-23 130.5
-22 132.5
-21 138
-20 144.5
-19 156
-18 158
-17 159.5
-16 159
-15 159.5
-14 167.5
-13 178
-12 174.5
-11 173
-10 168.5
-9 165
-8 152
-7 146.5
-6 136.5
-5 133.5
-4 129
-3 117.5
-2 121.5
-1 121.5
0 119
1 113.5
2 114.5
3 107
4 108.5
5 101.5
6 85.5
7 81.5
8 69
9 78
10 64
11 78.5
12 67.5
13 69
14 78
15 75
16 79
17 70
18 72.5
19 72.5
20 70
21 71
22 68.5
23 72.5
24 69
25 67.5
26 66
27 64
28 65
29 56
30 60
31 59
32 71
33 63
34 71.5
35 63.5
36 62.5
37 69
38 61
39 64
40 64
41 65.5
42 73.5
43 70
44 76.5
45 83.5
46 82
47 88
48 84.5
49 98.5
50 93
51 92.5
52 97.5
53 89
54 98
55 90.5
56 92.5
57 92
58 80
59 64
60 65
61 51.5
62 60
63 51
64 48
65 48
66 36
67 35.5
68 28.5
69 35.5
70 31
71 31.5
72 33
73 32
74 38.5
75 32.5
76 37
77 36
78 36
79 38.5
80 33
81 41
82 33
83 38
84 31.5
85 33.5
86 39
87 34
88 40
89 38
90 38.5
91 43
92 35
93 39
94 34
95 31.5
96 27.5
97 17.5
98 22.5
99 17
100 10.5
101 15
102 16.5
103 13.5
104 17.5
105 9.5
106 12
107 9
108 5
109 7
110 2
111 1
112 0
#############################



### angle = 108
-112 0
-111 0
-110 0
-109 0
-108 0
-107 0
-106 0
-105 0
-104 0
-103 0
-102 0
-101 0
-100 0
-99 0
-98 0
-97 0
-96 0
-95 0
-94 0
-93 0
-92 0
-91 0
-90 0
-89 0
-88 0
-87 0
-86 0
-85 0
-84 0
-83 0
-82 0
-81 0
-80 0
-79 0
-78 0
-77 0
-76 0
-75 0
-74 0
-73 0
-72 0
-71 0
-70 0
-69 0
-68 0
-67 0
-66 1
-65 0
-64 0
-63 4
-62 16.5
-61 18.5
-60 23
-59 26
-58 25.5
-57 27
-56 28
-55 35.5
-54 39
-53 41.5
-52 49.5
-51 52.5
-50 61
-49 65
-48 67.5
-47 73.5
-46 81
-45 85.5
-44 89.5
-43 84.5
-42 97
-41 97
-40 105
-39 109
-38 109.5
-37 111
-36 109.5
-35 114
-34 115
-33 117
-32 120
-31 127
-30 130
-29 127
-28 135.5
-27 135.5
-26 140
-25 141.5
-24 146.5
-23 156.5
-22 160.5
-21 161
-20 164
-19 172
-18 170
-17 173.5
-16 181.5
-15 182
-14 187.5
-13 177.5
-12 164
-11 154.5
-10 151.5
-9 150
-8 145.5
-7 148
-6 144.5
-5 141.5
-4 135.5
-3 126
-2 124.5
-1 121.5
0 119
1 120
2 116.5
3 113.5
4 107.5
5 100.5
6 88.5
7 85.5
8 80.5
9 76
10 64.5
11 59.5
12 53.5
13 57.5
14 59
15 63
16 62.5
17 71
18 70.5
19 76.5
20 74.5
21 73.5
22 86.5
23 88.5
24 90.5
25 99
26 96.5
27 100.5
28 101.5
29 111
30 112
31 114.5
32 120
33 116.5
34 113.5
35 112
36 113.5
37 114.5
38 110
39 110
40 117
41 117.5
42 124.5
43 123.5
44 130
45 132.5
46 130
47 135.5
48 136
49 133.5
50 124.5
51 131.5
52 131
53 131.5
54 126.5
55 125
56 116
57 107
58 111
59 100
60 103.5
61 88.5
62 76.5
63 66.5
64 58
65 62.5
66 61.5
67 73.5
68 79
69 87
70 84.5
71 86
72 90.5
73 96.5
74 97.5
75 101
76 106
77 105
78 100
79 104
80 93.5
81 89
82 85
83 73
84 77.5
85 63
86 65.5
87 63.5
88 62.5
89 60
90 53.5
91 47
92 48.5
93 39
94 37.5
95 30
96 24.5
97 21.5
98 19
99 11
100 9
101 6
102 5
103 3.5
104 4
105 3
106 1
107 0
108 0
109 0
110 0
111 0
112 0
#############################



### angle = 112.5
-112 0
-111 0
-110 0
-109 0
-108 0
-107 0
-106 0
-105 0
-104 2
-103 5
-102 8
-101 11.5
-100 14.5
-99 13
-98 15.5
-97 19
-96 21.5
-95 23.5
-94 25.5
-93 24.5
-92 28
-91 29.5
-90 29.5
-89 30.5
-88 31.5
-87 32
-86 32
-85 37
-84 41
-83 41
-82 45.5
-81 48.5
-80 51.5
-79 55.5
-78 61.5
-77 62
-76 64
-75 68
-74 65.5
-73 58
-72 59
-71 62
-70 65
-69 65.5
-68 69.5
-67 73.5
-66 78
-65 79.5
-64 81.5
-63 82.5
-62 87
-61 90
-60 93
-59 94.5
-58 93.5
-57 91
-56 80.5
-55 79.5
-54 78.5
-53 80.5
-52 78.5
-51 86
-50 96
-49 99.5
-48 109
-47 105.5
-46 105.5
-45 106
-44 100.5
-43 99.5
-42 100
-41 100
-40 100.5
-39 98
-38 98
-37 97.5
-36 102
-35 102.5
-34 100
-33 102.5
-32 99.5
-31 95
-30 100
-29 96.5
-28 110.5
-27 117
-26 113
-25 116
-24 120.5
-23 126
-22 124.5
-21 121
-20 117.5
-19 121.5
-18 121
-17 124.5
-16 136
-15 140.5
-14 145.5
-13 143
-12 141.5
-11 142
-10 137
-9 138.5
-8 126
-7 122.5
-6 110
-5 93
-4 89.5
-3 84.5
-2 78.5
-1 79.5
0 75.5
1 78.5
2 74.5
3 79
4 79
5 72
6 73
7 73.5
8 69
9 71.5
10 63.5
11 64
12 61.5
13 58.5
14 58.5
15 57
16 60
17 63.5
18 64
19 69
20 72
21 72.5
22 82
23 79
24 79.5
25 81
26 80
27 87
28 89.5
29 89
30 94.5
31 92
32 97
33 98
34 101
35 104
36 112
37 118.5
38 123.5
39 126
40 123.5
41 127
42 125
43 122.5
44 121.5
45 110
46 114.5
47 107
48 108
49 103
50 103
51 104.5
52 97
53 93.5
54 87.5
55 80
56 79.5
57 72
58 68.5
59 74.5
60 76
61 76
62 77
63 79.5
64 83.5
65 80
66 70
67 69
68 62.5
69 59.5
70 58
71 56
72 61.5
73 62.5
74 61
75 59
76 64
77 65.5
78 63
79 63
80 64.5
81 63
82 60
83 57
84 55
85 54
86 51.5
87 49.5
88 43.5
89 41
90 39
91 36
92 35
93 33.5
94 34
95 31.5
96 30
97 26
98 25
99 17.5
100 10.5
101 5
102 4
103 3
104 2.5
105 2.5
106 1
107 1
108 0
109 0
110 0
111 0
112 0
#############################



### angle = 117
-112 1
-111 2
-110 6
-109 6
-108 7
-107 13.5
-106 9
-105 18
-104 15
-103 19
-102 23
-101 20
-100 26
-99 25.5
-98 27.5
-97 30
-96 34
-95 33
-94 40
-93 36
-92 42
-91 41.5
-90 37.5
-89 38
-88 31.5
-87 31.5
-86 17.5
-85 16
-84 8
-83 11
-82 18.5
-81 27
-80 31.5
-79 36.5
-78 59.5
-77 64.5
-76 78
-75 77
-74 89.5
-73 95.5
-72 96
-71 105
-70 99.5
-69 101
-68 97
-67 110
-66 105
-65 112.5
-64 116
-63 121.5
-62 127.5
-61 124.5
-60 124
-59 126
-58 137
-57 148
-56 144
-55 147
-54 146.5
-53 152
-52 150
-51 151.5
-50 146
-49 145.5
-48 141
-47 139
-46 133.5
-45 132
-44 120
-43 115.5
-42 114.5
-41 110
-40 109
-39 113
-38 115.5
-37 111
-36 122
-35 118
-34 129.5
-33 120
-32 138.5
-31 140.5
-30 159
-29 148
-28 150.5
-27 143.5
-26 149
-25 143
-24 140
-23 145
-22 133.5
-21 143
-20 128.5
-19 122.5
-18 125.5
-17 112
-16 115
-15 107
-14 94
-13 100
-12 95.5
-11 95
-10 97.5
-9 93
-8 96
-7 96.5
-6 96.5
-5 91
-4 98.5
-3 93
-2 96
-1 103.5
0 93.5
1 98
2 97
3 85.5
4 88
5 88
6 84
7 90
8 97
9 110.5
10 109
11 103.5
12 115.5
13 117
14 107
15 119.5
16 112.5
17 119
18 113.5
19 113
20 115
21 108.5
22 116.5
23 110
24 111.5
25 114.5
26 109
27 111
28 108.5
29 104.5
30 105
31 99.5
32 99.5
33 103.5
34 106
35 105.5
36 104
37 98.5
38 96.5
39 89.5
40 83
41 87
42 84
43 80
44 83
45 76
46 72.5
47 67
48 64.5
49 68.5
50 65
51 63.5
52 65
53 70
54 71
55 72
56 67
57 68.5
58 67
59 66.5
60 63.5
61 61.5
62 53.5
63 38.5
64 25.5
65 10
66 2.5
67 0.5
68 1
69 0
70 0
71 0.5
72 0
73 0
74 0
75 0
76 0
77 0
78 0
79 0
80 0
81 0
82 0
83 0
84 0
85 0
86 0
87 0
88 0
89 0
90 0
91 0
92 0
93 0
94 0
95 0
96 0
97 0
98 0
99 0
100 0
101 0
102 0
103 0
104 0
105 0
106 0
107 0
108 0
109 0
110 0
111 0
112 0
#############################



### angle = 121.5
-112 0
-111 0
-110 0
-109 0
-108 0
-107 0
-106 0
-105 0
-104 1.5
-103 2
-102 3.5
-101 6
-100 6.5
-99 6.5
-98 9
-97 10
-96 11.5
-95 14.5
-94 15.5
-93 21.5
-92 27.5
-91 35.5
-90 38
-89 38.5
-88 41
-87 44
-86 46
-85 48
-84 50
-83 51.5
-82 53.5
-81 57.5
-80 61
-79 62.5
-78 63.5
-77 65
-76 67.5
-75 65.5
-74 66.5
-73 63
-72 57
-71 59.5
-70 61
-69 62.5
-68 64.5
-67 63.5
-66 64.5
-65 64
-64 69
-63 71
-62 77
-61 75.5
-60 79.5
-59 81.5
-58 85
-57 86
-56 85
-55 87
-54 87
-53 87.5
-52 83.5
-51 84
-50 85
-49 80.5
-48 77.5
-47 71.5
-46 69.5
-45 68
-44 71.5
-43 72
-42 74
-41 75
-40 79
-39 80
-38 82.5
-37 83
-36 82
-35 84.5
-34 82.5
-33 77.5
-32 76.5
-31 74
-30 70
-29 64.5
-28 59.5
-27 56.5
-26 55
-25 53.5
-24 54.5
-23 55
-22 48
-21 48
-20 48.5
-19 45
-18 45
-17 45.5
-16 44.5
-15 42.5
-14 45
-13 46.5
-12 47
-11 49.5
-10 47.5
-9 52.5
-8 53.5
-7 56
-6 65.5
-5 76
-4 86
-3 95.5
-2 106.5
-1 103.5
0 101.5
1 98.5
2 104
3 124.5
4 138
5 136
6 144
7 145
8 143.5
9 152.5
10 153.5
11 152
12 157
13 161.5
14 162.5
15 159
16 164.5
17 165
18 167.5
19 161.5
20 150.5
21 145
22 137
23 136.5
24 137.5
25 135
26 123.5
27 112.5
28 107.5
29 109.5
30 101.5
31 101
32 100.5
33 108
34 115
35 115
36 111.5
37 115
38 113.5
39 116
40 112.5
41 115
42 124
43 120
44 116.5
45 116
46 111
47 100.5
48 99
49 102
50 103.5
51 102.5
52 104
53 101
54 102
55 111
56 110.5
57 109.5
58 110.5
59 112
60 115.5
61 111
62 110.5
63 109.5
64 108.5
65 104
66 102.5
67 100
68 100
69 93
70 87.5
71 85.5
72 81.5
73 74
74 72.5
75 71.5
76 75.5
77 76
78 76
79 68
80 60.5
81 63
82 65
83 65.5
84 60
85 48
86 43.5
87 37.5
88 28
89 18
90 7.5
91 0
92 0
93 0
94 0
95 0
96 0
97 0
98 0
99 0
100 0
101 0
102 0
103 0
104 0
105 0
106 0
107 0
108 0
109 0
110 0
111 0
112 0
#############################



### angle = 126
-112 0
-111 0
-110 0
-109 0
-108 0
-107 0
-106 0
-105 0
-104 0
-103 0
-102 0
-101 0
-100 0
-99 0
-98 0
-97 0
-96 0
-95 2
-94 6
-93 10
-92 12
-91 14
-90 18.5
-89 23
-88 27
-87 29.5
-86 32
-85 29
-84 25.5
-83 26.5
-82 24
-81 23.5
-80 25
-79 32.5
-78 38.5
-77 37.5
-76 40
-75 41.5
-74 41
-73 44.5
-72 46
-71 48
-70 50
-69 49.5
-68 56.5
-67 57.5
-66 60.5
-65 63.5
-64 63
-63 66.5
-62 67.5
-61 65.5
-60 65.5
-59 65
-58 66
-57 66
-56 67.5
-55 72
-54 71.5
-53 72.5
-52 72
-51 72.5
-50 69.5
-49 69
-48 69
-47 68.5
-46 67.5
-45 64.5
-44 60.5
-43 56.5
-42 55.5
-41 54
-40 54
-39 52
-38 53
-37 54.5
-36 61.5
-35 65.5
-34 67
-33 71
-32 70
-31 72
-30 70
-29 72.5
-28 73
-27 72
-26 68.5
-25 64.5
-24 62
-23 52.5
-22 47
-21 47.5
-20 42
-19 46.5
-18 48.5
-17 50
-16 49.5
-15 49
-14 52.5
-13 54.5
-12 54
-11 53.5
-10 52.5
-9 52.5
-8 55
-7 57
-6 62
-5 66
-4 66.5
-3 68
-2 71.5
-1 78
0 81
1 79
2 82
3 81.5
4 91.5
5 101
6 100.5
7 98.5
8 105.5
9 111.5
10 121
11 121.5
12 138.5
13 147
14 160
15 169.5
16 176.5
17 179.5
18 183
19 184
20 187
21 190
22 191
23 194.5
24 193.5
25 197
26 201.5
27 206
28 204.5
29 205.5
30 202.5
31 190.5
32 185.5
33 174
34 168.5
35 166.5
36 166
37 160
38 158
39 156.5
40 169
41 173
42 166.5
43 164
44 149
45 141.5
46 134.5
47 122.5
48 100
49 94.5
50 92.5
51 106
52 117.5
53 126
54 125
55 117.5
56 116.5
57 118.5
58 117.5
59 113.5
60 108.5
61 102
62 89.5
63 85
64 77.5
65 69
66 68.5
67 61.5
68 58
69 58
70 63
71 60.5
72 57
73 54.5
74 53
75 56
76 60.5
77 55
78 55.5
79 55.5
80 53
81 53.5
82 53
83 49.5
84 54.5
85 51.5
86 43
87 40.5
88 39
89 36.5
90 36
91 35.5
92 33
93 32
94 29
95 26
96 23.5
97 20
98 16.5
99 13
100 10
101 7
102 4
103 1
104 0
105 0
106 0
107 0
108 0
109 0
110 0
111 0
112 0
#############################



### angle = 130.5
-112 0
-111 0
-110 1.5
-109 3
-108 2.5
-107 5
-106 8.5
-105 7
-104 13
-103 15
-102 16
-101 18
-100 20
-99 23
-98 21.5
-97 25.5
-96 29
-95 30
-94 34
-93 33
-92 37
-91 43
-90 40.5
-89 40.5
-88 44
-87 43.5
-86 47
-85 43
-84 43.5
-83 44
-82 48
-81 49
-80 53
-79 54.5
-78 58
-77 60
-76 62.5
-75 64.5
-74 65
-73 65.5
-72 71
-71 74.5
-70 82
-69 89
-68 82.5
-67 77.5
-66 81
-65 89.5
-64 103.5
-63 108
-62 111.5
-61 116.5
-60 113.5
-59 111
-58 110
-57 110
-56 112
-55 110
-54 105
-53 105
-52 98
-51 98.5
-50 102.5
-49 99.5
-48 102
-47 98.5
-46 105
-45 107
-44 104
-43 105
-42 109.5
-41 113.5
-40 115
-39 125
-38 127.5
-37 138
-36 147
-35 154
-34 160.5
-33 157.5
-32 171.5
-31 173.5
-30 172
-29 171
-28 172
-27 174.5
-26 180
-25 177.5
-24 174
-23 172
-22 172.5
-21 163.5
-20 161.5
-19 154.5
-18 150.5
-17 142.5
-16 140
-15 133.5
-14 130
-13 124
-12 115.5
-11 106.5
-10 110
-9 105
-8 98.5
-7 95
-6 100
-5 105.5
-4 108
-3 106.5
-2 106
-1 106.5
0 105.5
1 100
2 90.5
3 88.5
4 91
5 91.5
6 85
7 80
8 73
9 71
10 58
11 51.5
12 44.5
13 46
14 48.5
15 54
16 54
17 67
18 65.5
19 67
20 68
21 71
22 77
23 80.5
24 86
25 90
26 88
27 87
28 83
29 81.5
30 81.5
31 78
32 80.5
33 82
34 83
35 85.5
36 85
37 86
38 84.5
39 85
40 84.5
41 84
42 83
43 80
44 79
45 77
46 78.5
47 78
48 75.5
49 73.5
50 71.5
51 71.5
52 71.5
53 70.5
54 72.5
55 69.5
56 70.5
57 71
58 72
59 72.5
60 73.5
61 73.5
62 74.5
63 74
64 73.5
65 74.5
66 72.5
67 72.5
68 69
69 65.5
70 62
71 61.5
72 58.5
73 58.5
74 54.5
75 47.5
76 39.5
77 29
78 21.5
79 14
80 12.5
81 7
82 0
83 0
84 0
85 0
86 0
87 0
88 0
89 0
90 0
91 0
92 0
93 0
94 0
95 0
96 0
97 0
98 0
99 0
100 0
101 0
102 0
103 0
104 0
105 0
106 0
107 0
108 0
109 0
110 0
111 0
112 0
#############################



### angle = 135
-112 0
-111 0
-110 0
-109 0
-108 0
-107 0
-106 0
-105 0
-104 0
-103 0
-102 0
-101 0
-100 0
-99 0
-98 0
-97 0
-96 0
-95 0
-94 0
-93 0
-92 0
-91 0
-90 0.5
-89 4
-88 14.5
-87 28
-86 39.5
-85 51.5
-84 60.5
-83 67.5
-82 80.5
-81 80
-80 85.5
-79 98
-78 110.5
-77 121
-76 123.5
-75 126
-74 126.5
-73 132.5
-72 129.5
-71 127.5
-70 121
-69 118
-68 117.5
-67 119
-66 118
-65 114.5
-64 114.5
-63 112.5
-62 109.5
-61 108
-60 101.5
-59 104
-58 102.5
-57 106.5
-56 109.5
-55 111.5
-54 113
-53 114.5
-52 112.5
-51 102.5
-50 101.5
-49 99
-48 97.5
-47 96
-46 93
-45 93.5
-44 87
-43 82
-42 78.5
-41 74
-40 69
-39 65.5
-38 67.5
-37 61.5
-36 69
-35 65
-34 66.5
-33 79
-32 80.5
-31 88
-30 91
-29 99
-28 116.5
-27 130
-26 133
-25 136.5
-24 141
-23 141.5
-22 155.5
-21 154.5
-20 159.5
-19 167
-18 171
-17 179.5
-16 188
-15 178.5
-14 190
-13 187
-12 188
-11 183.5
-10 185
-9 179
-8 175.5
-7 169
-6 171.5
-5 156.5
-4 148.5
-3 127.5
-2 120.5
-1 118.5
0 117
1 116.5
2 106
3 88.5
4 79.5
5 70
6 76
7 68
8 66
9 61.5
10 69.5
11 60.5
12 69
13 66.5
14 66
15 60.5
16 60.5
17 59.5
18 59
19 57.5
20 61
21 57
22 61.5
23 60.5
24 62.5
25 56
26 56.5
27 51
28 49
29 42
30 41.5
31 42.5
32 37
33 39.5
34 43
35 45
36 49.5
37 50.5
38 56
39 65
40 66.5
41 71.5
42 88.5
43 85
44 90.5
45 89.5
46 95
47 92
48 100
49 92.5
50 99.5
51 103.5
52 100
53 98
54 91
55 89
56 80
57 71.5
58 73.5
59 61
60 62
61 52.5
62 55
63 46.5
64 43.5
65 44
66 41.5
67 40
68 33
69 32.5
70 30.5
71 31
72 34.5
73 32
74 35.5
75 33
76 34.5
77 35.5
78 35.5
79 35.5
80 39
81 34
82 36
83 34.5
84 35
85 36
86 37.5
87 38.5
88 39
89 40
90 40
91 39.5
92 38
93 34
94 32.5
95 24.5
96 20
97 22
98 15
99 15.5
100 15
101 15.5
102 16.5
103 15.5
104 12.5
105 11
106 10
107 6
108 6
109 3
110 1
111 0
112 0
#############################



### angle = 139.5
-112 0
-111 0
-110 0
-109 0
-108 0
-107 0
-106 0
-105 0
-104 0
-103 0
-102 0
-101 0
-100 0
-99 0
-98 0
-97 0
-96 0
-95 0
-94 0
-93 0
-92 0
-91 0
-90 0
-89 0
-88 0
-87 0
-86 0
-85 0
-84 0
-83 0
-82 0
-81 0
-80 0
-79 0
-78 0
-77 0
-76 0
-75 0
-74 0
-73 0
-72 0
-71 0
-70 0
-69 0
-68 1
-67 0
-66 3
-65 11.5
-64 21.5
-63 23.5
-62 26.5
-61 25.5
-60 28.5
-59 32.5
-58 35
-57 37
-56 42.5
-55 44
-54 49
-53 55
-52 54.5
-51 58.5
-50 63.5
-49 70.5
-48 79
-47 85
-46 90.5
-45 90
-44 86
-43 91
-42 93.5
-41 96
-40 103.5
-39 109.5
-38 113.5
-37 117.5
-36 116
-35 120
-34 120.5
-33 118.5
-32 117
-31 114
-30 112
-29 112.5
-28 107
-27 108
-26 108.5
-25 120.5
-24 122.5
-23 131.5
-22 139.5
-21 144
-20 159
-19 155
-18 157.5
-17 166.5
-16 163
-15 167
-14 164
-13 149
-12 151.5
-11 151
-10 155.5
-9 156.5
-8 152.5
-7 154
-6 146.5
-5 147
-4 139.5
-3 135
-2 128.5
-1 119.5
0 110
1 107.5
2 99.5
3 97
4 90
5 87.5
6 92
7 90.5
8 98
9 99.5
10 104
11 101
12 99
13 89.5
14 79
15 70.5
16 64
17 69.5
18 73.5
19 77.5
20 80.5
21 87.5
22 95
23 101.5
24 104
25 104
26 100.5
27 106.5
28 104
29 111.5
30 110.5
31 105.5
32 109
33 104
34 108
35 114
36 110.5
37 120.5
38 127
39 127.5
40 133
41 135
42 129
43 121.5
44 120.5
45 119.5
46 126
47 130.5
48 124
49 122
50 124
51 118
52 125.5
53 121.5
54 120
55 112.5
56 103.5
57 97.5
58 90
59 75.5
60 76
61 73.5
62 79.5
63 71
64 66
65 64
66 61
67 68
68 74
69 82
70 93
71 95.5
72 102.5
73 107
74 107
75 115
76 115.5
77 112.5
78 109.5
79 97
80 97.5
81 88.5
82 81
83 77
84 72
85 73.5
86 67.5
87 63
88 61
89 52
90 48.5
91 44
92 35
93 34
94 25
95 24.5
96 18.5
97 16.5
98 16
99 13.5
100 15.5
101 10
102 9
103 7.5
104 5
105 4.5
106 4.5
107 2.5
108 0.5
109 1
110 0
111 0
112 0
#############################



### angle = 144
-112 0
-111 0
-110 0
-109 0
-108 0
-107 2
-106 4
-105 8
-104 9.5
-103 14
-102 13
-101 12.5
-100 14.5
-99 17
-98 19
-97 23.5
-96 26
-95 26.5
-94 25.5
-93 31
-92 32.5
-91 31.5
-90 33
-89 32.5
-88 32.5
-87 33.5
-86 36.5
-85 37.5
-84 38.5
-83 40
-82 44.5
-81 46.5
-80 45.5
-79 49.5
-78 52
-77 52.5
-76 55
-75 57
-74 58.5
-73 61
-72 61
-71 61
-70 64
-69 62
-68 61
-67 60
-66 58.5
-65 57.5
-64 58
-63 60
-62 60
-61 64
-60 67.5
-59 70.5
-58 71.5
-57 75
-56 73.5
-55 73.5
-54 80.5
-53 95
-52 106
-51 106
-50 107
-49 111.5
-48 111
-47 107
-46 108.5
-45 110
-44 106
-43 107.5
-42 108
-41 107.5
-40 105
-39 104
-38 103.5
-37 101
-36 101.5
-35 101
-34 100.5
-33 103.5
-32 101.5
-31 96.5
-30 93.5
-29 94
-28 94.5
-27 91.5
-26 90
-25 89
-24 94.5
-23 101.5
-22 106
-21 103
-20 105
-19 111.5
-18 120
-17 122
-16 124.5
-15 123.5
-14 122
-13 125.5
-12 128
-11 123.5
-10 128
-9 124.5
-8 125.5
-7 118.5
-6 117
-5 115.5
-4 118.5
-3 117
-2 106
-1 104.5
0 99
1 94.5
2 97
3 91.5
4 80
5 78.5
6 77
7 74
8 73.5
9 75.5
10 71.5
11 66.5
12 66
13 68.5
14 68.5
15 62.5
16 61
17 63.5
18 61.5
19 59.5
20 64.5
21 67
22 71
23 70
24 77
25 80.5
26 80.5
27 85.5
28 87.5
29 90
30 93.5
31 97
32 100
33 103
34 105.5
35 110.5
36 117
37 121.5
38 126
39 131
40 129.5
41 127.5
42 131.5
43 129.5
44 130.5
45 125
46 117
47 117.5
48 120.5
49 113
50 105
51 97
52 91
53 84
54 83.5
55 83
56 82
57 85.5
58 88.5
59 93
60 92
61 92
62 90
63 91.5
64 83.5
65 79
66 78
67 74
68 72
69 70.5
70 62.5
71 60
72 55.5
73 52.5
74 55.5
75 63
76 66
77 64
78 65
79 62.5
80 63
81 62.5
82 61
83 59
84 57
85 54.5
86 49
87 45
88 42.5
89 41
90 41
91 39
92 36.5
93 35.5
94 34
95 30
96 30
97 25
98 16.5
99 12
100 7
101 3
102 3
103 3.5
104 0.5
105 1.5
106 0
107 0
108 0
109 0
110 0
111 0
112 0
#############################



### angle = 148.5
-112 0
-111 1
-110 3
-109 6
-108 6
-107 9.5
-106 12
-105 13
-104 15
-103 18
-102 19
-101 22
-100 23
-99 25
-98 27
-97 28
-96 31
-95 34
-94 35
-93 37
-92 40
-91 37.5
-90 37
-89 38
-88 38.5
-87 40.5
-86 34.5
-85 32.5
-84 31
-83 33.5
-82 39
-81 40
-80 43
-79 54.5
-78 59.5
-77 63.5
-76 74
-75 79.5
-74 94
-73 94.5
-72 98.5
-71 90
-70 97
-69 100.5
-68 106.5
-67 104.5
-66 111
-65 110
-64 113.5
-63 114
-62 122.5
-61 121
-60 132
-59 138
-58 141.5
-57 155
-56 157
-55 145
-54 148
-53 150
-52 150
-51 149.5
-50 150.5
-49 148.5
-48 144.5
-47 145
-46 137.5
-45 129
-44 126
-43 118.5
-42 109.5
-41 108
-40 93.5
-39 91
-38 87
-37 92
-36 99.5
-35 100
-34 105
-33 110.5
-32 109.5
-31 101
-30 105.5
-29 115.5
-28 120.5
-27 129.5
-26 131
-25 126.5
-24 130
-23 128
-22 127
-21 123.5
-20 119
-19 117
-18 119.5
-17 125.5
-16 120.5
-15 125
-14 123
-13 124
-12 119.5
-11 113.5
-10 108
-9 101
-8 91
-7 89
-6 82.5
-5 80.5
-4 74.5
-3 70.5
-2 69
-1 69.5
0 76
1 88
2 88
3 90
4 94
5 94
6 104.5
7 107
8 120.5
9 128.5
10 130
11 132
12 135.5
13 141.5
14 143
15 145.5
16 141
17 137.5
18 134.5
19 131.5
20 127
21 129.5
22 127.5
23 126
24 128.5
25 125
26 126.5
27 131.5
28 128
29 124
30 115.5
31 113.5
32 110
33 113.5
34 103.5
35 97.5
36 98.5
37 93.5
38 96.5
39 94.5
40 91
41 92.5
42 90.5
43 90.5
44 84.5
45 89
46 87.5
47 83.5
48 78.5
49 73
50 72.5
51 71
52 70.5
53 68.5
54 67.5
55 56.5
56 51.5
57 46.5
58 39
59 32
60 23.5
61 20.5
62 13.5
63 6
64 2.5
65 0.5
66 1
67 0
68 0
69 0
70 0.5
71 0
72 0
73 0
74 0
75 0
76 0
77 0
78 0
79 0
80 0
81 0
82 0
83 0
84 0
85 0
86 0
87 0
88 0
89 0
90 0
91 0
92 0
93 0
94 0
95 0
96 0
97 0
98 0
99 0
100 0
101 0
102 0
103 0
104 0
105 0
106 0
107 0
108 0
109 0
110 0
111 0
112 0
#############################



### angle = 153
-112 0
-111 0
-110 0
-109 0
-108 0
-107 1
-106 0.5
-105 3
-104 3
-103 4.5
-102 5.5
-101 6.5
-100 7
-99 10.5
-98 11.5
-97 16.5
-96 19
-95 24.5
-94 26
-93 27.5
-92 36
-91 37
-90 39
-89 43
-88 43
-87 46.5
-86 47
-85 49.5
-84 53.5
-83 53
-82 57
-81 56.5
-80 62
-79 65
-78 62
-77 68
-76 66.5
-75 72
-74 64
-73 58
-72 60
-71 57.5
-70 61
-69 64.5
-68 59
-67 64.5
-66 63
-65 63
-64 68.5
-63 66.5
-62 75.5
-61 75
-60 79.5
-59 80.5
-58 82.5
-57 83.5
-56 83.5
-55 85.5
-54 90.5
-53 80
-52 79.5
-51 70.5
-50 78.5
-49 80
-48 76
-47 81.5
-46 79
-45 86.5
-44 87
-43 83
-42 89
-41 87
-40 91.5
-39 92.5
-38 87
-37 94
-36 88.5
-35 92.5
-34 84
-33 82
-32 74.5
-31 65.5
-30 67
-29 65.5
-28 61
-27 61
-26 55
-25 55.5
-24 57
-23 51
-22 52.5
-21 48
-20 50.5
-19 48.5
-18 46
-17 45.5
-16 53
-15 57
-14 56
-13 54
-12 57
-11 53
-10 57.5
-9 57
-8 55.5
-7 57.5
-6 57.5
-5 57
-4 58.5
-3 55
-2 56
-1 64.5
0 135
1 143.5
2 146.5
3 142.5
4 144.5
5 137.5
6 142
7 145
8 154.5
9 159
10 151.5
11 158
12 151.5
13 157.5
14 161.5
15 153.5
16 146.5
17 137
18 136
19 135
20 129
21 132
22 128.5
23 130
24 129.5
25 128
26 119.5
27 119
28 130.5
29 135
30 131
31 131
32 129
33 128
34 124
35 118
36 112.5
37 109
38 104.5
39 104
40 97.5
41 96
42 87.5
43 85
44 79
45 75
46 84.5
47 92
48 93.5
49 95
50 92.5
51 90.5
52 95
53 96.5
54 103.5
55 101
56 108.5
57 115
58 111
59 111.5
60 110
61 111
62 113.5
63 114.5
64 115
65 109
66 107.5
67 105.5
68 99
69 99
70 97
71 93.5
72 91.5
73 88.5
74 77.5
75 78
76 74
77 78.5
78 78.5
79 83.5
80 84.5
81 86.5
82 90
83 94
84 84.5
85 13.5
86 0
87 0
88 0
89 0
90 0
91 0
92 0
93 0
94 0
95 0
96 0
97 0
98 0
99 0
100 0
101 0
102 0
103 0
104 0
105 0
106 0
107 0
108 0
109 0
110 0
111 0
112 0
#############################



### angle = 157.5
-112 0
-111 0
-110 0
-109 0
-108 0
-107 0
-106 0
-105 0
-104 0
-103 0
-102 0
-101 0
-100 0
-99 0
-98 0
-97 0
-96 0
-95 0
-94 0
-93 0
-92 0
-91 0
-90 2
-89 6
-88 11
-87 15
-86 18.5
-85 25
-84 29
-83 30.5
-82 30.5
-81 31
-80 31
-79 27.5
-78 24
-77 27
-76 27.5
-75 29.5
-74 35.5
-73 41
-72 43
-71 45
-70 47
-69 48
-68 55
-67 60.5
-66 68.5
-65 70.5
-64 70.5
-63 73
-62 74.5
-61 72
-60 66.5
-59 66
-58 68.5
-57 64.5
-56 63.5
-55 66.5
-54 68.5
-53 70.5
-52 72
-51 70
-50 74.5
-49 71
-48 72.5
-47 70.5
-46 70.5
-45 68
-44 62.5
-43 57.5
-42 54
-41 56
-40 56
-39 55
-38 52.5
-37 52.5
-36 54.5
-35 52.5
-34 54.5
-33 57
-32 58
-31 63.5
-30 67
-29 70
-28 68
-27 70.5
-26 73.5
-25 79.5
-24 82.5
-23 79.5
-22 77
-21 81
-20 72.5
-19 73
-18 74.5
-17 71.5
-16 73.5
-15 71.5
-14 72
-13 73.5
-12 69.5
-11 63.5
-10 63.5
-9 61
-8 60.5
-7 63
-6 64
-5 62.5
-4 61
-3 59.5
-2 52.5
-1 58.5
0 63
1 64
2 66.5
3 67.5
4 74
5 79
6 81.5
7 86.5
8 91
9 98
10 104.5
11 121
12 131.5
13 141
14 147
15 157.5
16 161.5
17 169.5
18 170.5
19 184.5
20 185
21 188
22 187
23 186
24 189.5
25 196
26 197
27 196
28 191.5
29 188.5
30 191.5
31 188
32 180.5
33 175
34 175
35 173
36 174
37 181
38 190
39 187
40 188
41 178
42 172.5
43 170
44 164
45 153.5
46 146
47 135
48 119.5
49 111.5
50 107.5
51 113.5
52 124.5
53 132.5
54 128
55 126.5
56 124
57 122.5
58 116.5
59 106
60 99
61 90
62 85
63 83.5
64 77
65 71.5
66 68.5
67 69.5
68 65.5
69 62
70 58.5
71 55
72 53
73 51
74 47.5
75 45
76 44
77 44
78 42
79 40.5
80 45.5
81 41.5
82 43.5
83 42.5
84 44.5
85 42
86 43.5
87 41
88 41.5
89 39
90 37.5
91 33.5
92 36
93 33.5
94 33
95 31
96 28
97 25
98 22.5
99 19
100 18
101 13.5
102 12
103 9
104 6
105 4
106 1
107 0
108 0
109 0
110 0
111 0
112 0
#############################



### angle = 162
-112 0
-111 0
-110 0
-109 0
-108 1.5
-107 2
-106 3
-105 6
-104 9.5
-103 9.5
-102 14
-101 15.5
-100 19.5
-99 18.5
-98 22.5
-97 26.5
-96 26.5
-95 29.5
-94 33
-93 33
-92 37.5
-91 40.5
-90 40.5
-89 41.5
-88 45.5
-87 41.5
-86 41
-85 45.5
-84 45
-83 46
-82 50
-81 48.5
-80 51
-79 60.5
-78 61
-77 64.5
-76 64
-75 59
-74 56
-73 59
-72 63
-71 69
-70 65
-69 70
-68 72
-67 77.5
-66 82.5
-65 80.5
-64 72
-63 76
-62 76.5
-61 86
-60 94.5
-59 100.5
-58 112
-57 118.5
-56 125.5
-55 128.5
-54 126
-53 124
-52 124.5
-51 130
-50 134.5
-49 132
-48 134
-47 139.5
-46 128.5
-45 131
-44 133
-43 127
-42 127.5
-41 126
-40 124
-39 123
-38 123.5
-37 127
-36 124.5
-35 133.5
-34 135.5
-33 144.5
-32 157.5
-31 169.5
-30 179
-29 182
-28 179
-27 177.5
-26 174
-25 177.5
-24 169.5
-23 169
-22 163
-21 151
-20 142.5
-19 134
-18 125
-17 119
-16 118
-15 118
-14 117
-13 113.5
-12 111
-11 117.5
-10 118
-9 112.5
-8 112
-7 107.5
-6 110.5
-5 111.5
-4 112
-3 116.5
-2 114
-1 117.5
0 116.5
1 111
2 109
3 101
4 89
5 89.5
6 79
7 75
8 68.5
9 61.5
10 67.5
11 63
12 61
13 61.5
14 63.5
15 55
16 55.5
17 51
18 51
19 50
20 52.5
21 53
22 51.5
23 53
24 54.5
25 59.5
26 58.5
27 67
28 68
29 71.5
30 76.5
31 76.5
32 76.5
33 76
34 73.5
35 76
36 79.5
37 80.5
38 82
39 83
40 86
41 84.5
42 86
43 83
44 84
45 83
46 82
47 82.5
48 81
49 83.5
50 82
51 79.5
52 73
53 72
54 71
55 68.5
56 68
57 69
58 67
59 67.5
60 69.5
61 73
62 76
63 74.5
64 76.5
65 75
66 72.5
67 71
68 70
69 69.5
70 67.5
71 65.5
72 64.5
73 65.5
74 60.5
75 56
76 55.5
77 48
78 43
79 36
80 28
81 23
82 16.5
83 11.5
84 12
85 9.5
86 5.5
87 2.5
88 0
89 0
90 0
91 0
92 0
93 0
94 0
95 0
96 0
97 0
98 0
99 0
100 0
101 0
102 0
103 0
104 0
105 0
106 0
107 0
108 0
109 0
110 0
111 0
112 0
#############################



### angle = 166.5
-112 0
-111 0
-110 0
-109 0
-108 0
-107 0
-106 0
-105 0
-104 0
-103 0
-102 0
-101 0
-100 0
-99 0
-98 0
-97 0
-96 0
-95 0
-94 0
-93 0
-92 0
-91 0
-90 0
-89 0
-88 0
-87 0
-86 0
-85 0
-84 112
-83 112
-82 111
-81 112.5
-80 110.5
-79 109.5
-78 114.5
-77 119
-76 118.5
-75 120.5
-74 120.5
-73 116
-72 120.5
-71 121.5
-70 120.5
-69 120.5
-68 119
-67 119.5
-66 116
-65 111.5
-64 109.5
-63 108.5
-62 108.5
-61 106.5
-60 105.5
-59 103.5
-58 100.5
-57 95
-56 92
-55 89.5
-54 92.5
-53 91
-52 90
-51 92.5
-50 94.5
-49 92.5
-48 88
-47 89.5
-46 90
-45 87.5
-44 88
-43 87
-42 84.5
-41 87.5
-40 88.5
-39 94
-38 101
-37 104.5
-36 102
-35 101.5
-34 105
-33 111.5
-32 108.5
-31 104.5
-30 109
-29 108.5
-28 114
-27 118
-26 116.5
-25 127.5
-24 145.5
-23 162.5
-22 172.5
-21 179.5
-20 186.5
-19 186
-18 190
-17 190
-16 187.5
-15 192
-14 191.5
-13 193
-12 189
-11 191.5
-10 187.5
-9 177
-8 179.5
-7 178.5
-6 178
-5 178.5
-4 171
-3 169.5
-2 161.5
-1 159
0 78.5
1 76
2 71
3 73
4 67.5
5 65.5
6 59.5
7 54.5
8 56
9 57.5
10 58
11 51.5
12 50
13 51
14 50
15 49
16 52
17 50.5
18 50
19 49
20 48.5
21 45.5
22 45
23 42.5
24 36.5
25 33.5
26 28
27 28.5
28 25.5
29 33.5
30 36.5
31 40
32 40
33 41
34 43.5
35 47.5
36 60.5
37 65.5
38 71
39 73
40 78.5
41 83
42 85.5
43 85.5
44 88.5
45 91.5
46 92.5
47 98
48 99.5
49 97
50 96
51 96.5
52 89
53 81.5
54 78.5
55 79.5
56 76.5
57 74
58 70.5
59 60
60 57.5
61 53
62 49
63 47
64 45.5
65 43
66 41
67 43.5
68 40
69 39
70 36
71 34
72 33
73 31.5
74 35.5
75 33
76 33.5
77 36
78 36
79 34
80 36.5
81 36.5
82 36
83 39
84 37.5
85 38.5
86 38.5
87 39.5
88 39.5
89 38
90 37
91 37.5
92 33
93 27.5
94 22
95 21
96 18.5
97 17
98 16.5
99 17.5
100 18
101 15
102 13.5
103 13
104 10
105 8
106 6
107 4
108 2
109 0
110 0
111 0
112 0
#############################



### angle = 171
-112 0
-111 0
-110 0
-109 0
-108 0
-107 0
-106 0
-105 0
-104 0
-103 0
-102 0
-101 0
-100 0
-99 0
-98 0
-97 0
-96 0
-95 0
-94 0
-93 0
-92 0
-91 0
-90 0
-89 0
-88 0
-87 0
-86 0
-85 0
-84 0
-83 0
-82 0
-81 0
-80 0
-79 0
-78 0
-77 0
-76 0
-75 0
-74 0
-73 0
-72 0
-71 0
-70 0
-69 2
-68 8
-67 16
-66 23
-65 26.5
-64 30
-63 34.5
-62 36.5
-61 43
-60 48
-59 50
-58 52
-57 57
-56 59.5
-55 67
-54 72
-53 71.5
-52 66
-51 66.5
-50 69
-49 68.5
-48 70.5
-47 71.5
-46 78
-45 79
-44 82.5
-43 87
-42 96
-41 99.5
-40 105
-39 107
-38 105.5
-37 110.5
-36 113.5
-35 111
-34 107.5
-33 112.5
-32 112
-31 112
-30 112.5
-29 115
-28 113.5
-27 118.5
-26 118
-25 116
-24 114
-23 118.5
-22 121
-21 119
-20 123
-19 128.5
-18 140
-17 141
-16 135.5
-15 135.5
-14 127.5
-13 125.5
-12 128
-11 129.5
-10 129.5
-9 132
-8 135.5
-7 136.5
-6 134.5
-5 136
-4 126.5
-3 122.5
-2 121
-1 113
0 105.5
1 104.5
2 91
3 86.5
4 81.5
5 89.5
6 92
7 93.5
8 101.5
9 105.5
10 108
11 112
12 121
13 124
14 136.5
15 134
16 136.5
17 130
18 125
19 118
20 118.5
21 101.5
22 96
23 98
24 98.5
25 100
26 100.5
27 104.5
28 108.5
29 106.5
30 106.5
31 103.5
32 105
33 109.5
34 106.5
35 104.5
36 109.5
37 111.5
38 120.5
39 122
40 125
41 129.5
42 131.5
43 139
44 130
45 132.5
46 130
47 124
48 118.5
49 114.5
50 112
51 103.5
52 94.5
53 91.5
54 88.5
55 86
56 87.5
57 88.5
58 84
59 84.5
60 89.5
61 87.5
62 81
63 71
64 73
65 71
66 69.5
67 73
68 75
69 84
70 92
71 107.5
72 115.5
73 116
74 116
75 116.5
76 116
77 111.5
78 101.5
79 100.5
80 92.5
81 83.5
82 82.5
83 76.5
84 73.5
85 66.5
86 58
87 51
88 45.5
89 40.5
90 30.5
91 31
92 30
93 28.5
94 26
95 25
96 21.5
97 20.5
98 19.5
99 15
100 15
101 15
102 12.5
103 10.5
104 8
105 6.5
106 5.5
107 4
108 3.5
109 2
110 1.5
111 0
112 0
#############################



### angle = 175.5
-112 0
-111 0
-110 0
-109 3
-108 5
-107 8
-106 8.5
-105 12
-104 13.5
-103 12.5
-102 14.5
-101 14
-100 18
-99 18.5
-98 23
-97 23.5
-96 28.5
-95 30
-94 33.5
-93 33
-92 35
-91 32
-90 34
-89 35
-88 33.5
-87 37
-86 36.5
-85 41
-84 37
-83 41
-82 38.5
-81 42
-80 39.5
-79 43
-78 43
-77 46
-76 46.5
-75 49.5
-74 52.5
-73 54.5
-72 52
-71 54
-70 54.5
-69 56.5
-68 55
-67 57.5
-66 59
-65 61
-64 55.5
-63 56
-62 52
-61 47.5
-60 50.5
-59 56
-58 64
-57 73
-56 80.5
-55 86.5
-54 85.5
-53 82.5
-52 79.5
-51 83.5
-50 86.5
-49 99
-48 98
-47 101
-46 102
-45 107
-44 110
-43 111.5
-42 112
-41 116
-40 117
-39 109.5
-38 116
-37 106.5
-36 115
-35 103
-34 111
-33 101
-32 104
-31 93
-30 89
-29 89.5
-28 87.5
-27 81
-26 78
-25 71.5
-24 68.5
-23 77.5
-22 72
-21 76
-20 84.5
-19 99.5
-18 102.5
-17 111.5
-16 110.5
-15 114.5
-14 118.5
-13 120
-12 124
-11 122.5
-10 122.5
-9 117.5
-8 117.5
-7 112
-6 106.5
-5 108
-4 107
-3 115
-2 115.5
-1 118.5
0 115
1 113
2 109.5
3 113.5
4 108.5
5 103.5
6 102
7 103.5
8 100.5
9 98.5
10 93
11 84
12 81
13 77.5
14 78.5
15 73.5
16 75
17 68
18 75.5
19 67
20 70.5
21 65.5
22 66.5
23 66.5
24 72.5
25 75.5
26 79
27 85.5
28 86
29 86
30 90
31 86
32 90
33 93.5
34 95
35 100
36 102.5
37 112.5
38 118.5
39 122.5
40 128
41 127
42 131
43 128
44 127
45 124
46 118.5
47 115.5
48 111.5
49 110
50 109
51 108.5
52 105
53 107
54 109
55 113.5
56 114
57 106
58 101
59 100
60 94
61 96
62 97
63 93.5
64 86.5
65 81.5
66 82.5
67 83
68 78
69 75.5
70 73
71 66.5
72 65
73 64
74 64
75 60
76 58
77 61
78 65
79 62.5
80 63
81 63.5
82 59.5
83 56
84 56
85 49.5
86 49
87 46.5
88 46.5
89 44
90 43
91 39.5
92 37.5
93 34
94 33
95 27
96 21.5
97 14.5
98 9.5
99 5
100 2.5
101 3
102 0.5
103 1.5
104 0
105 0
106 0
107 0
108 0
109 0
110 0
111 0
112 0
#############################



