### angle = 0
-112 0
-111 0
-110 0
-109 2
-108 4
-107 6
-106 8
-105 10
-104 13
-103 14
-102 16
-101 17.5
-100 17
-99 15.5
-98 17.5
-97 18
-96 20.5
-95 23
-94 27.5
-93 33.5
-92 38
-91 37
-90 38.5
-89 39
-88 39.5
-87 39
-86 39
-85 37.5
-84 38.5
-83 37
-82 37
-81 35.5
-80 34
-79 35
-78 34.5
-77 34
-76 34
-75 33.5
-74 32
-73 33
-72 33
-71 35.5
-70 38.5
-69 40
-68 43
-67 41.5
-66 42
-65 43.5
-64 45.5
-63 49.5
-62 51.5
-61 55.5
-60 62
-59 71
-58 71.5
-57 75
-56 79
-55 79
-54 82.5
-53 86
-52 95.5
-51 98
-50 99
-49 98.5
-48 98
-47 92.5
-46 95
-45 89.5
-44 86.5
-43 87.5
-42 83.5
-41 78
-40 74.5
-39 71
-38 66
-37 61
-36 52.5
-35 45.5
-34 39.5
-33 38.5
-32 37
-31 38
-30 33
-29 25
-28 26.5
-27 27
-26 30
-25 34.5
-24 38
-23 43.5
-22 46
-21 47.5
-20 47
-19 50.5
-18 49
-17 50.5
-16 49.5
-15 52
-14 47.5
-13 49
-12 53
-11 53.5
-10 57
-9 55.5
-8 56
-7 59.5
-6 64.5
-5 68
-4 70.5
-3 75
-2 74
-1 79
0 159
1 162.5
2 171.5
3 172
4 175.5
5 180
6 179
7 181
8 178.5
9 185
10 192.5
11 190
12 192.5
13 191.5
14 193
15 190
16 190.5
17 190
18 187.5
19 189
20 184
21 173
22 162
23 146.5
24 125.5
25 120
26 116.5
27 113.5
28 108.5
29 107
30 105.5
31 107.5
32 112
33 106.5
34 102
35 103
36 105
37 102.5
38 94.5
39 87.5
40 87
41 85.5
42 84
43 89
44 89
45 89.5
46 89.5
47 88
48 90.5
49 95.5
50 93
51 91.5
52 91.5
53 91
54 89.5
55 91
56 94
57 102
58 104.5
59 105.5
60 106.5
61 107.5
62 109
63 110
64 111.5
65 116
66 120
67 118
68 120.5
69 120.5
70 121.5
71 121.5
72 117.5
73 119.5
74 121.5
75 118.5
76 120
77 114.5
78 110
79 111
80 111.5
81 111
82 112
83 112
84 0
85 0
86 0
87 0
88 0
89 0
90 0
91 0
92 0
93 0
94 0
95 0
96 0
97 0
98 0
99 0
100 0
101 0
102 0
103 0
104 0
105 0
106 0
107 0
108 0
109 0
110 0
111 0
112 0
#############################



### angle = 4.5
-112 0
-111 1.5
-110 1.5
-109 4
-108 3.5
-107 5.5
-106 6.5
-105 9
-104 9.5
-103 12.5
-102 14
-101 15
-100 16.5
-99 19.5
-98 20.5
-97 22.5
-96 25.5
-95 25
-94 29.5
-93 31
-92 30
-91 32.5
-90 40
-89 42.5
-88 50
-87 58.5
-86 65.5
-85 72
-84 82
-83 80.5
-82 84.5
-81 94.5
-80 96.5
-79 102
-78 110
-77 117
-76 116.5
-75 118.5
-74 116.5
-73 115.5
-72 108
-71 92.5
-70 84
-69 76
-68 73
-67 68.5
-66 73
-65 70
-64 70.5
-63 84
-62 84
-61 87.5
-60 87
-59 85
-58 87
-57 87
-56 85
-55 88.5
-54 87
-53 93
-52 103.5
-51 111.5
-50 114.5
-49 118
-48 124
-47 132.5
-46 134
-45 131
-44 136
-43 133.5
-42 129
-41 127
-40 122.5
-39 115.5
-38 111.5
-37 109
-36 105.5
-35 106.5
-34 107.5
-33 108
-32 102.5
-31 106
-30 108.5
-29 103
-28 104.5
-27 103
-26 95.5
-25 97.5
-24 100
-23 95.5
-22 106.5
-21 118.5
-20 122
-19 127.5
-18 135.5
-17 137.5
-16 137.5
-15 134
-14 131
-13 122
-12 112.5
-11 107
-10 105.5
-9 98.5
-8 93
-7 93
-6 88
-5 85.5
-4 84.5
-3 91
-2 101.5
-1 107
0 113
1 121
2 120.5
3 126
4 130.5
5 132
6 135.5
7 133.5
8 132
9 128.5
10 128.5
11 124
12 126
13 127
14 133
15 135
16 144
17 134.5
18 130
19 122
20 117
21 120.5
22 118.5
23 117
24 119
25 118.5
26 115.5
27 115
28 114
29 114
30 112
31 113
32 112.5
33 107
34 112.5
35 108.5
36 106.5
37 107.5
38 107.5
39 102
40 103.5
41 97.5
42 87.5
43 82.5
44 77.5
45 74.5
46 74.5
47 72
48 67.5
49 64.5
50 67.5
51 67.5
52 70
53 72
54 69
55 63.5
56 58
57 52
58 50.5
59 49
60 45
61 39.5
62 33.5
63 31
64 25
65 27
66 16.5
67 8
68 1.5
69 0
70 0
71 0
72 0
73 0
74 0
75 0
76 0
77 0
78 0
79 0
80 0
81 0
82 0
83 0
84 0
85 0
86 0
87 0
88 0
89 0
90 0
91 0
92 0
93 0
94 0
95 0
96 0
97 0
98 0
99 0
100 0
101 0
102 0
103 0
104 0
105 0
106 0
107 0
108 0
109 0
110 0
111 0
112 0
#############################



### angle = 9
-112 0
-111 0
-110 0
-109 0
-108 0
-107 0
-106 0
-105 0
-104 0
-103 1
-102 1
-101 3
-100 4.5
-99 9.5
-98 12.5
-97 21
-96 28
-95 32
-94 35
-93 37
-92 41
-91 43
-90 44
-89 46
-88 49
-87 50
-86 50
-85 54.5
-84 57
-83 59.5
-82 62
-81 62.5
-80 64
-79 65.5
-78 60.5
-77 56.5
-76 62
-75 66.5
-74 63
-73 64.5
-72 68.5
-71 72.5
-70 75.5
-69 78.5
-68 81.5
-67 81
-66 82.5
-65 87.5
-64 92
-63 95
-62 96.5
-61 98
-60 100
-59 102
-58 107.5
-57 116
-56 118
-55 113.5
-54 106.5
-53 105
-52 107
-51 110.5
-50 110.5
-49 110.5
-48 114
-47 119.5
-46 125.5
-45 125
-44 126
-43 129
-42 129.5
-41 128
-40 121.5
-39 117.5
-38 113.5
-37 104.5
-36 99.5
-35 94.5
-34 90.5
-33 90
-32 86
-31 86.5
-30 83.5
-29 86
-28 86.5
-27 78.5
-26 74.5
-25 69.5
-24 67
-23 68
-22 66
-21 68
-20 69
-19 71.5
-18 70
-17 74.5
-16 78.5
-15 78
-14 79
-13 81.5
-12 86.5
-11 96.5
-10 102
-9 101
-8 101
-7 108
-6 106
-5 109.5
-4 111.5
-3 111.5
-2 112
-1 119
0 118.5
1 114.5
2 112
3 106
4 109
5 108
6 112.5
7 115.5
8 120
9 123
10 122.5
11 122
12 121
13 117.5
14 119
15 110.5
16 105.5
17 103.5
18 96
19 86.5
20 74.5
21 70
22 74
23 66.5
24 71
25 76
26 81.5
27 85.5
28 88
29 90
30 91.5
31 101.5
32 109
33 108
34 107
35 111
36 111
37 111.5
38 115
39 115
40 115.5
41 111.5
42 112.5
43 108.5
44 105
45 104.5
46 101
47 99.5
48 94.5
49 87.5
50 80
51 79
52 79
53 91.5
54 86
55 80.5
56 77
57 61.5
58 56
59 50.5
60 47
61 51
62 54
63 57.5
64 59
65 58.5
66 57
67 56.5
68 54.5
69 52
70 53
71 51
72 52.5
73 53
74 49.5
75 47.5
76 43.5
77 43.5
78 42
79 42
80 39.5
81 40.5
82 39.5
83 39.5
84 39
85 36.5
86 36
87 35
88 35
89 33.5
90 33
91 33.5
92 34
93 33
94 32
95 28
96 25
97 22
98 19.5
99 18
100 13.5
101 13
102 13
103 14
104 12
105 10
106 7
107 5
108 3
109 1
110 0
111 0
112 0
#############################



### angle = 13.5
-112 0
-111 0
-110 0
-109 0
-108 0
-107 0
-106 0
-105 0
-104 0
-103 0
-102 0
-101 0
-100 0
-99 0
-98 0
-97 0
-96 0
-95 0
-94 0
-93 0
-92 0
-91 0
-90 0
-89 0
-88 0
-87 0
-86 0
-85 0
-84 0
-83 0
-82 0
-81 0
-80 0
-79 0
-78 0
-77 0
-76 0
-75 0
-74 0
-73 0
-72 0
-71 0
-70 0
-69 0
-68 0
-67 0
-66 0
-65 0
-64 0
-63 2.5
-62 5
-61 8.5
-60 15
-59 20
-58 25
-57 26.5
-56 31
-55 29
-54 33
-53 43.5
-52 53
-51 65.5
-50 66.5
-49 81
-48 89.5
-47 95.5
-46 103.5
-45 100.5
-44 105.5
-43 100
-42 105.5
-41 104
-40 105.5
-39 104
-38 96.5
-37 98
-36 96.5
-35 102.5
-34 102
-33 108.5
-32 110.5
-31 120
-30 128
-29 133
-28 145
-27 139.5
-26 151.5
-25 146.5
-24 150
-23 153
-22 159.5
-21 164.5
-20 161
-19 167
-18 159
-17 166.5
-16 161
-15 168
-14 169.5
-13 172
-12 171
-11 158
-10 151.5
-9 132.5
-8 123.5
-7 106
-6 96.5
-5 90.5
-4 82.5
-3 72
-2 64.5
-1 61
0 56.5
1 66
2 73
3 73.5
4 76
5 73.5
6 78.5
7 84
8 91
9 93.5
10 107
11 119
12 123.5
13 125.5
14 122
15 125
16 121.5
17 124.5
18 124
19 128.5
20 129
21 130
22 124
23 111.5
24 106
25 100.5
26 97
27 78.5
28 74.5
29 70
30 72.5
31 67
32 66.5
33 75
34 89
35 111
36 110
37 113
38 108
39 110.5
40 115
41 113
42 122.5
43 123
44 127.5
45 126
46 138.5
47 139
48 142
49 146.5
50 141.5
51 146.5
52 144.5
53 147.5
54 152
55 153
56 153.5
57 142
58 140.5
59 132
60 127.5
61 118.5
62 111
63 111
64 105
65 107.5
66 102
67 108
68 99.5
69 100
70 85.5
71 78.5
72 75.5
73 76.5
74 79
75 70
76 73.5
77 71
78 65
79 62
80 59
81 55
82 49.5
83 51
84 51.5
85 53
86 51
87 48
88 48
89 43
90 45
91 43.5
92 41.5
93 37
94 31.5
95 30
96 27
97 25
98 23
99 21
100 19
101 16
102 15
103 13
104 10
105 8
106 6
107 4
108 2
109 0
110 0
111 0
112 0
#############################



### angle = 18
-112 0
-111 0
-110 0
-109 0
-108 0
-107 0
-106 0
-105 0
-104 0
-103 0
-102 0
-101 0
-100 0
-99 0
-98 0
-97 0
-96 0
-95 0
-94 0
-93 0
-92 0
-91 1
-90 12
-89 22
-88 23.5
-87 23.5
-86 27
-85 37.5
-84 46.5
-83 56
-82 61.5
-81 73.5
-80 89.5
-79 92.5
-78 89.5
-77 86
-76 82.5
-75 85
-74 89
-73 92.5
-72 96
-71 99.5
-70 102
-69 106
-68 109
-67 109.5
-66 114.5
-65 113.5
-64 116
-63 119
-62 118.5
-61 121
-60 112
-59 111.5
-58 101.5
-57 91.5
-56 88
-55 90
-54 89.5
-53 86.5
-52 82.5
-51 74.5
-50 68
-49 71
-48 68
-47 75.5
-46 72.5
-45 79.5
-44 76.5
-43 83.5
-42 85
-41 83
-40 88
-39 103.5
-38 113
-37 112.5
-36 118
-35 120.5
-34 125
-33 129.5
-32 129.5
-31 132
-30 140.5
-29 139.5
-28 137.5
-27 136
-26 137.5
-25 151
-24 149
-23 146
-22 146
-21 131.5
-20 133
-19 124.5
-18 127
-17 130
-16 123.5
-15 120.5
-14 125
-13 132
-12 140
-11 140.5
-10 147.5
-9 137
-8 146.5
-7 148.5
-6 159.5
-5 150.5
-4 131.5
-3 112.5
-2 101.5
-1 88.5
0 87.5
1 90
2 73
3 64
4 60.5
5 55
6 63.5
7 58.5
8 58
9 60
10 57.5
11 56
12 58.5
13 57
14 62.5
15 59
16 59
17 62
18 61
19 56
20 59.5
21 57.5
22 62.5
23 59.5
24 54.5
25 58
26 59.5
27 59.5
28 65.5
29 69
30 68.5
31 73.5
32 74.5
33 78.5
34 88
35 96
36 101.5
37 99
38 99.5
39 100.5
40 100
41 99.5
42 100.5
43 97.5
44 100
45 96.5
46 94
47 92
48 91.5
49 88.5
50 84.5
51 83.5
52 84.5
53 80
54 77.5
55 75.5
56 77
57 75
58 73.5
59 73.5
60 71
61 73.5
62 67.5
63 68
64 62.5
65 58.5
66 61
67 56
68 56.5
69 59.5
70 63
71 64.5
72 65
73 66
74 63
75 70
76 68
77 65
78 65
79 63
80 58
81 60
82 55
83 54
84 53
85 49
86 47
87 48
88 43
89 41
90 41
91 38
92 29.5
93 30
94 26
95 25
96 28
97 20.5
98 15.5
99 9
100 8.5
101 4
102 6.5
103 3
104 4.5
105 2
106 2
107 0
108 0
109 0
110 0
111 0
112 0
#############################



### angle = 22.5
-112 0
-111 0
-110 0
-109 2
-108 4
-107 8
-106 9
-105 11
-104 14
-103 17
-102 18
-101 20
-100 25
-99 26
-98 27
-97 30
-96 34
-95 34
-94 35
-93 37
-92 39
-91 37
-90 40
-89 42.5
-88 43
-87 43
-86 32.5
-85 29.5
-84 30
-83 27.5
-82 26.5
-81 28
-80 28
-79 32
-78 36.5
-77 39.5
-76 41.5
-75 45
-74 52
-73 56.5
-72 57.5
-71 61.5
-70 66.5
-69 76
-68 84.5
-67 87
-66 92
-65 99
-64 106
-63 106.5
-62 102.5
-61 103.5
-60 97
-59 100
-58 107
-57 111
-56 117
-55 127
-54 129.5
-53 129
-52 129.5
-51 146.5
-50 137.5
-49 141.5
-48 149.5
-47 152.5
-46 155
-45 160.5
-44 161
-43 159.5
-42 167
-41 171
-40 174
-39 177.5
-38 174.5
-37 174.5
-36 172
-35 173
-34 182.5
-33 190.5
-32 193.5
-31 195
-30 195
-29 190
-28 187
-27 183.5
-26 188.5
-25 189
-24 188
-23 186
-22 176
-21 170
-20 163
-19 152.5
-18 145.5
-17 138.5
-16 128.5
-15 126
-14 118.5
-13 107
-12 98.5
-11 90
-10 87.5
-9 85
-8 86.5
-7 80.5
-6 80
-5 80.5
-4 84
-3 81
-2 71.5
-1 62.5
0 55.5
1 58
2 57
3 56.5
4 64.5
5 66
6 68
7 71
8 72
9 71
10 71
11 78.5
12 83
13 83
14 81
15 83
16 89
17 96
18 97
19 103
20 96.5
21 95.5
22 95
23 92
24 83
25 76.5
26 79
27 76
28 70.5
29 67
30 67
31 60.5
32 58
33 55.5
34 59
35 55
36 55
37 57
38 57
39 57.5
40 57.5
41 60
42 64.5
43 66.5
44 72
45 73.5
46 74
47 74
48 72.5
49 71.5
50 70
51 65.5
52 64.5
53 68
54 70.5
55 73.5
56 75
57 75.5
58 74
59 72
60 72
61 72
62 71.5
63 72.5
64 72
65 68.5
66 57.5
67 41.5
68 35
69 32.5
70 32
71 32
72 33
73 33
74 31
75 31.5
76 31
77 31
78 30.5
79 30
80 23.5
81 13.5
82 8
83 1
84 0
85 0
86 0
87 0
88 0
89 0
90 0
91 0
92 0
93 0
94 0
95 0
96 0
97 0
98 0
99 0
100 0
101 0
102 0
103 0
104 0
105 0
106 0
107 0
108 0
109 0
110 0
111 0
112 0
#############################



### angle = 27
-112 0
-111 0
-110 0
-109 0
-108 0
-107 0
-106 0
-105 0
-104 0
-103 0
-102 0
-101 0
-100 0
-99 0
-98 0
-97 0
-96 0
-95 0
-94 0
-93 2
-92 6
-91 6.5
-90 10
-89 10.5
-88 9.5
-87 13
-86 15
-85 23.5
-84 29.5
-83 35.5
-82 40.5
-81 45
-80 52.5
-79 57
-78 59
-77 63
-76 61.5
-75 63.5
-74 65
-73 65
-72 65
-71 67.5
-70 69
-69 68.5
-68 74
-67 72
-66 75
-65 74
-64 69
-63 68
-62 68.5
-61 64.5
-60 67
-59 69.5
-58 70.5
-57 73
-56 72.5
-55 79
-54 83
-53 86.5
-52 87
-51 87.5
-50 84.5
-49 82.5
-48 85.5
-47 85.5
-46 86
-45 83
-44 80
-43 81
-42 80.5
-41 79
-40 80.5
-39 77.5
-38 80
-37 79
-36 77
-35 75.5
-34 69.5
-33 63.5
-32 62
-31 59.5
-30 57.5
-29 55
-28 50.5
-27 44.5
-26 44.5
-25 43.5
-24 46
-23 47.5
-22 45
-21 43.5
-20 48
-19 48.5
-18 52.5
-17 54.5
-16 57.5
-15 61.5
-14 57.5
-13 63.5
-12 62.5
-11 64.5
-10 67
-9 66.5
-8 68.5
-7 76.5
-6 84.5
-5 91.5
-4 101
-3 101.5
-2 111.5
-1 115
0 120.5
1 119.5
2 117.5
3 114
4 116
5 115
6 120.5
7 124.5
8 127
9 124.5
10 126
11 130
12 128.5
13 132
14 128.5
15 131
16 130.5
17 130.5
18 134.5
19 133
20 134.5
21 138.5
22 139.5
23 143.5
24 154
25 163
26 167.5
27 167.5
28 160
29 155.5
30 138
31 129.5
32 131
33 132.5
34 129.5
35 130.5
36 131
37 125
38 129
39 129
40 130.5
41 140.5
42 141
43 143
44 149.5
45 146.5
46 148.5
47 146
48 150
49 151.5
50 148.5
51 139.5
52 140
53 131.5
54 124
55 119.5
56 117.5
57 105
58 95
59 84.5
60 82
61 89
62 85.5
63 76
64 73.5
65 72
66 68
67 70
68 67.5
69 61
70 56
71 57.5
72 59
73 60
74 63
75 56.5
76 52
77 57
78 61
79 58.5
80 55.5
81 53.5
82 50
83 49
84 44
85 44
86 39
87 43.5
88 44
89 39.5
90 40
91 36
92 34.5
93 30.5
94 28.5
95 25
96 20.5
97 19.5
98 16
99 13.5
100 10
101 6
102 4.5
103 2.5
104 1
105 0
106 0
107 0
108 0
109 0
110 0
111 0
112 0
#############################



### angle = 31.5
-112 0
-111 0
-110 0
-109 0
-108 0
-107 1
-106 3
-105 6
-104 7
-103 9
-102 13
-101 14
-100 16.5
-99 16
-98 20.5
-97 20.5
-96 18.5
-95 20
-94 20
-93 23.5
-92 25.5
-91 33
-90 34.5
-89 36
-88 37.5
-87 36
-86 39
-85 37
-84 41.5
-83 39
-82 42.5
-81 39.5
-80 37
-79 36
-78 33
-77 36.5
-76 31.5
-75 35
-74 31.5
-73 36
-72 37.5
-71 39
-70 42.5
-69 43
-68 45
-67 42
-66 46.5
-65 46
-64 50.5
-63 53
-62 56
-61 58
-60 60.5
-59 68.5
-58 70.5
-57 75.5
-56 74.5
-55 76.5
-54 76.5
-53 77.5
-52 78.5
-51 78
-50 79
-49 79.5
-48 87.5
-47 93
-46 95
-45 92
-44 84.5
-43 84.5
-42 83.5
-41 80
-40 75.5
-39 70
-38 67.5
-37 65
-36 65
-35 60.5
-34 62.5
-33 57.5
-32 57.5
-31 57.5
-30 48.5
-29 36.5
-28 27
-27 27
-26 23
-25 26.5
-24 24.5
-23 24
-22 21.5
-21 19.5
-20 21
-19 22
-18 27
-17 32
-16 39
-15 41
-14 42.5
-13 40
-12 39
-11 36
-10 36.5
-9 39.5
-8 45
-7 51.5
-6 60.5
-5 73.5
-4 86.5
-3 102
-2 115.5
-1 123
0 126
1 128.5
2 139
3 152
4 161.5
5 163
6 166.5
7 174.5
8 177
9 182
10 191.5
11 201
12 203
13 199
14 196
15 189
16 188.5
17 183
18 180.5
19 173
20 170.5
21 165.5
22 163.5
23 166
24 163.5
25 156.5
26 144
27 149
28 145.5
29 143.5
30 143.5
31 140.5
32 134.5
33 129.5
34 125
35 122
36 118
37 114.5
38 110
39 108
40 101.5
41 99.5
42 94
43 102.5
44 102
45 99
46 95.5
47 90
48 86
49 84.5
50 81
51 83
52 85.5
53 86.5
54 86.5
55 86.5
56 91.5
57 96.5
58 98.5
59 99
60 102
61 105
62 111.5
63 114.5
64 116
65 115
66 115.5
67 115
68 114.5
69 111.5
70 110.5
71 105
72 105
73 102
74 100
75 99
76 99
77 106.5
78 114
79 113.5
80 103
81 89
82 75
83 64.5
84 52.5
85 38.5
86 31
87 29
88 17
89 5
90 0
91 0
92 0
93 0
94 0
95 0
96 0
97 0
98 0
99 0
100 0
101 0
102 0
103 0
104 0
105 0
106 0
107 0
108 0
109 0
110 0
111 0
112 0
#############################



### angle = 36
-112 1.5
-111 1.5
-110 3.5
-109 4
-108 3.5
-107 9.5
-106 6
-105 13
-104 11
-103 13.5
-102 17
-101 12
-100 24.5
-99 17.5
-98 26.5
-97 24
-96 24.5
-95 31.5
-94 26.5
-93 36
-92 30.5
-91 36.5
-90 36.5
-89 39.5
-88 42.5
-87 41
-86 45
-85 45
-84 59
-83 66
-82 78.5
-81 81
-80 87.5
-79 94.5
-78 93.5
-77 107.5
-76 111.5
-75 112.5
-74 125
-73 114
-72 122.5
-71 112
-70 97.5
-69 97.5
-68 82
-67 81
-66 74
-65 80.5
-64 83.5
-63 79.5
-62 87
-61 89.5
-60 91.5
-59 87.5
-58 90
-57 91
-56 83
-55 84.5
-54 79.5
-53 83.5
-52 90
-51 93.5
-50 100
-49 118
-48 108.5
-47 116.5
-46 114.5
-45 115
-44 125
-43 116.5
-42 128.5
-41 117.5
-40 117
-39 115
-38 110.5
-37 106
-36 100.5
-35 105
-34 108.5
-33 108.5
-32 106
-31 104
-30 102
-29 108
-28 109
-27 132.5
-26 143.5
-25 145.5
-24 147.5
-23 142
-22 152
-21 140
-20 154.5
-19 142.5
-18 144.5
-17 151
-16 133.5
-15 153
-14 139.5
-13 151.5
-12 149.5
-11 143
-10 150.5
-9 128
-8 120.5
-7 106
-6 96.5
-5 99
-4 82.5
-3 90
-2 87.5
-1 84
0 90
1 81.5
2 95
3 91
4 97
5 99.5
6 92.5
7 104
8 89.5
9 99
10 93
11 95
12 93
13 102
14 105
15 108.5
16 111.5
17 111.5
18 120.5
19 115.5
20 115
21 123.5
22 112.5
23 121.5
24 118
25 122
26 123.5
27 121
28 125
29 125
30 117.5
31 115.5
32 98
33 108
34 95
35 92.5
36 92.5
37 82
38 91.5
39 83.5
40 90
41 88
42 86
43 89
44 86
45 79.5
46 75
47 70
48 71.5
49 67.5
50 68
51 67.5
52 69
53 67.5
54 67.5
55 67
56 66.5
57 66
58 65.5
59 66
60 70
61 67.5
62 63
63 54.5
64 51.5
65 44
66 36
67 26
68 23
69 12.5
70 2.5
71 0
72 0
73 0
74 0
75 0
76 0
77 0
78 0
79 0
80 0
81 0
82 0
83 0
84 0
85 0
86 0
87 0
88 0
89 0
90 0
91 0
92 0
93 0
94 0
95 0
96 0
97 0
98 0
99 0
100 0
101 0
102 0
103 0
104 0
105 0
106 0
107 0
108 0
109 0
110 0
111 0
112 0
#############################



### angle = 40.5
-112 0
-111 0
-110 0
-109 0
-108 0
-107 0
-106 0
-105 0
-104 0
-103 0
-102 0
-101 0
-100 1
-99 1
-98 5
-97 10
-96 15
-95 20
-94 26.5
-93 34
-92 38
-91 42
-90 45
-89 48
-88 50
-87 54
-86 56
-85 58
-84 55
-83 57.5
-82 59
-81 60
-80 59
-79 55.5
-78 59
-77 66.5
-76 70
-75 73
-74 79
-73 82.5
-72 81.5
-71 82.5
-70 83
-69 85
-68 84.5
-67 82.5
-66 84.5
-65 87.5
-64 92.5
-63 105.5
-62 112.5
-61 119.5
-60 122.5
-59 124
-58 128
-57 130.5
-56 135.5
-55 137
-54 135.5
-53 136
-52 129
-51 113
-50 108.5
-49 107.5
-48 107
-47 105
-46 107.5
-45 105
-44 101
-43 99.5
-42 106
-41 104
-40 105
-39 106
-38 99.5
-37 94
-36 94
-35 91
-34 81.5
-33 78.5
-32 72
-31 68.5
-30 72.5
-29 68.5
-28 67
-27 71.5
-26 75.5
-25 80.5
-24 79.5
-23 86
-22 83
-21 90
-20 93.5
-19 92.5
-18 103
-17 100.5
-16 114
-15 120.5
-14 111.5
-13 122.5
-12 111
-11 125.5
-10 133.5
-9 116.5
-8 129
-7 113.5
-6 124
-5 129
-4 103.5
-3 119
-2 105
-1 108
0 114.5
1 99.5
2 120
3 116
4 112.5
5 127
6 103.5
7 124.5
8 120
9 110
10 123.5
11 95.5
12 111.5
13 99
14 82
15 89.5
16 65.5
17 84.5
18 70.5
19 66.5
20 79
21 62
22 82.5
23 84.5
24 68
25 86
26 71.5
27 81
28 84.5
29 72.5
30 97
31 88.5
32 100
33 117.5
34 92
35 124
36 104.5
37 111
38 121.5
39 87
40 116
41 95.5
42 102.5
43 110.5
44 79
45 96
46 69.5
47 79.5
48 81
49 58
50 82
51 70.5
52 78.5
53 82.5
54 65
55 88.5
56 81.5
57 72.5
58 84
59 63
60 78
61 65.5
62 46
63 59.5
64 44.5
65 53.5
66 49
67 36.5
68 49.5
69 37.5
70 50
71 47.5
72 37
73 48.5
74 33.5
75 45
76 46
77 34.5
78 43.5
79 31.5
80 41
81 41.5
82 30
83 42
84 31
85 42
86 41
87 30
88 40
89 31.5
90 37
91 39.5
92 29
93 39
94 36
95 30.5
96 30.5
97 19
98 21.5
99 20
100 13
101 14.5
102 11
103 15
104 16
105 10
106 11
107 7
108 7
109 4
110 1
111 0
112 0
#############################



### angle = 45
-112 0
-111 0
-110 0
-109 0
-108 0
-107 0
-106 0
-105 0
-104 0
-103 0
-102 0
-101 0
-100 0
-99 0
-98 0
-97 0
-96 0
-95 0
-94 0
-93 0
-92 0
-91 0
-90 0
-89 0
-88 0
-87 0
-86 0
-85 0
-84 0
-83 0
-82 0
-81 0
-80 0
-79 0
-78 0
-77 0
-76 0
-75 0
-74 0
-73 0
-72 0
-71 0
-70 0
-69 0
-68 0
-67 0
-66 0
-65 0
-64 0
-63 0
-62 0
-61 2.5
-60 4
-59 7.5
-58 12.5
-57 14
-56 28.5
-55 40.5
-54 46
-53 51
-52 53
-51 58
-50 60
-49 59
-48 61.5
-47 62.5
-46 71.5
-45 77
-44 84
-43 92
-42 96
-41 105
-40 110
-39 112
-38 119.5
-37 117.5
-36 118
-35 119
-34 121.5
-33 123
-32 126
-31 125.5
-30 127.5
-29 123
-28 125
-27 144
-26 155.5
-25 167
-24 171.5
-23 179
-22 180.5
-21 180.5
-20 179
-19 176
-18 179
-17 179
-16 181
-15 180.5
-14 177.5
-13 178.5
-12 168
-11 161.5
-10 150
-9 140.5
-8 130.5
-7 117
-6 112
-5 102.5
-4 108.5
-3 102.5
-2 100
-1 93.5
0 87.5
1 78.5
2 71.5
3 62
4 60
5 62
6 64
7 72
8 80
9 87
10 91.5
11 96
12 97.5
13 110.5
14 108
15 111.5
16 113.5
17 113.5
18 115.5
19 114
20 108.5
21 100.5
22 100
23 99.5
24 97
25 92
26 82
27 80
28 69
29 65.5
30 67
31 72.5
32 81.5
33 81.5
34 84.5
35 91.5
36 100.5
37 105.5
38 123
39 126
40 129
41 125
42 132
43 134.5
44 137.5
45 141
46 136
47 134
48 136.5
49 130
50 130.5
51 132
52 130
53 138
54 140
55 144
56 141.5
57 140
58 134
59 134
60 129.5
61 111
62 105
63 102.5
64 106
65 107
66 94.5
67 93.5
68 90.5
69 77
70 74.5
71 68
72 69
73 73
74 78
75 85
76 83
77 83.5
78 81.5
79 75
80 74.5
81 73.5
82 66.5
83 65.5
84 67
85 60.5
86 58.5
87 54.5
88 52.5
89 51
90 50.5
91 50.5
92 44
93 40
94 37
95 32
96 28
97 25
98 22
99 18
100 14
101 13
102 10
103 9
104 5
105 4
106 1
107 0
108 0
109 0
110 0
111 0
112 0
#############################



### angle = 49.5
-112 0
-111 0
-110 0
-109 0
-108 0
-107 0
-106 0
-105 0
-104 0
-103 0
-102 0
-101 0
-100 0
-99 0
-98 0
-97 0
-96 2
-95 8
-94 12
-93 16
-92 20.5
-91 23.5
-90 22.5
-89 22.5
-88 25
-87 25.5
-86 30.5
-85 35.5
-84 41
-83 46.5
-82 55.5
-81 60.5
-80 63
-79 63
-78 65.5
-77 71
-76 74.5
-75 77
-74 86
-73 93.5
-72 99.5
-71 100
-70 101.5
-69 105
-68 108
-67 112.5
-66 112.5
-65 114
-64 108.5
-63 115
-62 118
-61 121
-60 120
-59 105
-58 100
-57 84.5
-56 84
-55 76
-54 73.5
-53 68
-52 69
-51 67.5
-50 67
-49 70.5
-48 69.5
-47 77
-46 73
-45 77
-44 76.5
-43 87
-42 98
-41 100
-40 108.5
-39 103.5
-38 109
-37 108
-36 115.5
-35 115.5
-34 120.5
-33 116.5
-32 116.5
-31 118.5
-30 112
-29 121.5
-28 115.5
-27 131.5
-26 130.5
-25 133
-24 149
-23 151.5
-22 160.5
-21 157
-20 160
-19 159
-18 152
-17 155.5
-16 140.5
-15 122.5
-14 120
-13 118.5
-12 116.5
-11 115
-10 116.5
-9 126.5
-8 122
-7 115
-6 116.5
-5 100.5
-4 109
-3 89
-2 98.5
-1 104
0 80.5
1 100.5
2 69.5
3 83.5
4 74
5 57
6 75.5
7 51.5
8 66
9 62.5
10 55.5
11 76
12 50.5
13 79.5
14 58
15 62.5
16 75
17 52
18 86.5
19 51.5
20 71.5
21 63.5
22 58.5
23 71
24 58
25 78
26 64
27 77.5
28 73
29 77
30 74
31 72.5
32 72
33 79
34 83
35 91
36 100.5
37 107.5
38 104.5
39 108.5
40 107
41 107.5
42 109
43 108
44 107
45 114
46 104.5
47 110.5
48 96.5
49 99.5
50 92
51 89
52 92.5
53 81.5
54 84.5
55 78.5
56 71.5
57 80.5
58 67.5
59 70.5
60 69.5
61 54
62 65
63 50.5
64 67.5
65 55
66 67
67 60
68 64.5
69 65.5
70 63.5
71 67
72 57.5
73 63.5
74 66
75 62
76 70
77 66
78 67
79 65
80 58
81 63
82 53
83 59
84 52
85 50
86 52
87 44
88 49
89 41
90 41
91 38.5
92 32
93 28
94 30
95 28
96 28
97 28
98 22
99 16
100 7
101 8.5
102 3.5
103 5
104 3.5
105 2
106 3
107 1
108 0
109 0
110 0
111 0
112 0
#############################



### angle = 54
-112 0
-111 1
-110 3
-109 6
-108 7
-107 10
-106 13
-105 12
-104 18
-103 17
-102 21
-101 24
-100 22
-99 30
-98 27
-97 32
-96 34
-95 34
-94 40
-93 37
-92 38
-91 41
-90 39
-89 45
-88 42
-87 37.5
-86 22.5
-85 13.5
-84 12
-83 15.5
-82 18.5
-81 18
-80 26
-79 25
-78 33.5
-77 37.5
-76 40.5
-75 50
-74 51
-73 59.5
-72 78.5
-71 88.5
-70 100.5
-69 100.5
-68 104
-67 108.5
-66 100.5
-65 102.5
-64 97
-63 102
-62 107
-61 115.5
-60 115
-59 123
-58 120.5
-57 122.5
-56 121.5
-55 122
-54 127
-53 133.5
-52 143
-51 137
-50 151.5
-49 150
-48 140.5
-47 143
-46 145
-45 151.5
-44 151.5
-43 143
-42 150
-41 142
-40 150.5
-39 154
-38 159.5
-37 174
-36 168.5
-35 184
-34 166.5
-33 173
-32 183
-31 189
-30 190.5
-29 190.5
-28 194
-27 194.5
-26 179.5
-25 175.5
-24 159
-23 160.5
-22 152
-21 144.5
-20 144
-19 130.5
-18 132
-17 128
-16 118
-15 110.5
-14 100
-13 95
-12 89
-11 88
-10 89.5
-9 91.5
-8 93
-7 92
-6 90
-5 88.5
-4 82.5
-3 71
-2 70.5
-1 73
0 76.5
1 83.5
2 81
3 82
4 78.5
5 75
6 83
7 80
8 80.5
9 77.5
10 83.5
11 86
12 84.5
13 89.5
14 82.5
15 97
16 99
17 92
18 93.5
19 91
20 92.5
21 91.5
22 98
23 96
24 91
25 97
26 89
27 91
28 90
29 85.5
30 87.5
31 77.5
32 77
33 72.5
34 65.5
35 66
36 62
37 63
38 62.5
39 62.5
40 63
41 64
42 65
43 73.5
44 75.5
45 74
46 69
47 72.5
48 75.5
49 74
50 74.5
51 73.5
52 73
53 73.5
54 73
55 73
56 73
57 72
58 71.5
59 71.5
60 70.5
61 65.5
62 61.5
63 58.5
64 57.5
65 55.5
66 44
67 42
68 39.5
69 36.5
70 34.5
71 31.5
72 31.5
73 31
74 30.5
75 26
76 11
77 0
78 0
79 0
80 0
81 0
82 0
83 0
84 0
85 0
86 0
87 0
88 0
89 0
90 0
91 0
92 0
93 0
94 0
95 0
96 0
97 0
98 0
99 0
100 0
101 0
102 0
103 0
104 0
105 0
106 0
107 0
108 0
109 0
110 0
111 0
112 0
#############################



### angle = 58.5
-112 0
-111 0
-110 0
-109 0
-108 0
-107 0
-106 0
-105 0
-104 0
-103 0
-102 0
-101 0
-100 0
-99 0
-98 0
-97 3
-96 4
-95 6.5
-94 8
-93 10.5
-92 8.5
-91 10
-90 12
-89 14.5
-88 20.5
-87 31
-86 31
-85 45.5
-84 42
-83 44
-82 56
-81 50
-80 63
-79 55
-78 58
-77 70
-76 56.5
-75 68.5
-74 62.5
-73 61
-72 73.5
-71 62.5
-70 63.5
-69 78.5
-68 63.5
-67 74.5
-66 61
-65 60.5
-64 74.5
-63 62
-62 76
-61 63.5
-60 66.5
-59 85
-58 72.5
-57 75
-56 94
-55 82
-54 101
-53 84
-52 82.5
-51 91.5
-50 74.5
-49 88.5
-48 76.5
-47 77.5
-46 92.5
-45 76
-44 75.5
-43 90
-42 75
-41 90
-40 72.5
-39 68.5
-38 73.5
-37 58
-36 68
-35 55.5
-34 55.5
-33 66
-32 57.5
-31 60.5
-30 69
-29 55.5
-28 65.5
-27 54.5
-26 53
-25 61
-24 43.5
-23 50.5
-22 41.5
-21 40.5
-20 49
-19 40.5
-18 38
-17 45.5
-16 40.5
-15 50.5
-14 46
-13 49
-12 61
-11 56.5
-10 73
-9 74
-8 80
-7 91.5
-6 88
-5 89.5
-4 105
-3 93
-2 108.5
-1 95.5
0 96
1 105.5
2 102.5
3 115
4 109.5
5 116.5
6 138.5
7 132.5
8 138
9 148.5
10 143
11 152.5
12 145
13 146.5
14 154.5
15 143.5
16 146
17 136
18 138
19 149.5
20 143.5
21 141.5
22 153
23 141
24 152.5
25 137
26 127.5
27 129
28 107
29 113.5
30 98.5
31 108.5
32 127
33 124.5
34 133.5
35 143.5
36 140
37 148.5
38 140.5
39 135
40 144
41 130.5
42 138
43 133
44 135.5
45 148.5
46 137.5
47 140
48 135.5
49 134.5
50 137
51 135
52 131
53 124
54 114
55 113
56 104.5
57 106
58 111
59 107.5
60 108.5
61 101
62 97
63 93
64 88.5
65 86.5
66 87
67 77.5
68 71
69 68.5
70 61.5
71 58.5
72 47.5
73 53.5
74 51
75 53.5
76 53.5
77 56
78 56.5
79 63.5
80 61
81 59
82 54
83 53.5
84 46
85 46
86 40.5
87 42.5
88 42
89 39.5
90 38
91 34
92 30
93 25.5
94 23
95 18.5
96 15
97 10
98 7.5
99 3.5
100 1.5
101 0
102 0
103 0
104 0
105 0
106 0
107 0
108 0
109 0
110 0
111 0
112 0
#############################



### angle = 63
-112 0
-111 0
-110 0
-109 0
-108 0
-107 0
-106 0
-105 0
-104 1
-103 3
-102 5
-101 7
-100 11
-99 15
-98 13.5
-97 14
-96 18.5
-95 25
-94 26.5
-93 20.5
-92 20.5
-91 24
-90 26
-89 25.5
-88 27
-87 35
-86 36
-85 36
-84 34
-83 38.5
-82 40
-81 41.5
-80 40.5
-79 41.5
-78 40.5
-77 39
-76 36
-75 34.5
-74 38.5
-73 37.5
-72 37.5
-71 38.5
-70 47
-69 44.5
-68 43.5
-67 42
-66 54
-65 57
-64 54.5
-63 51
-62 62
-61 64
-60 65
-59 64
-58 71.5
-57 76.5
-56 75
-55 72
-54 69
-53 73.5
-52 72.5
-51 70
-50 68
-49 71.5
-48 75
-47 75.5
-46 71
-45 76
-44 80.5
-43 83
-42 82
-41 75.5
-40 65.5
-39 69.5
-38 69.5
-37 74
-36 66
-35 72
-34 71
-33 69
-32 65
-31 65.5
-30 62.5
-29 62
-28 53
-27 47
-26 34.5
-25 34
-24 33.5
-23 29
-22 19
-21 17
-20 18.5
-19 18
-18 13.5
-17 14.5
-16 16.5
-15 19.5
-14 13
-13 15
-12 12
-11 19
-10 28.5
-9 47.5
-8 55.5
-7 63.5
-6 75.5
-5 87
-4 102.5
-3 113
-2 120
-1 122.5
0 123
1 120.5
2 122.5
3 124.5
4 134
5 140.5
6 146.5
7 151.5
8 158.5
9 160
10 158.5
11 169
12 178.5
13 179.5
14 179
15 173
16 176.5
17 178
18 182.5
19 183
20 183
21 187.5
22 184
23 182
24 186.5
25 191.5
26 192
27 183
28 167
29 172
30 166.5
31 165
32 159
33 160.5
34 154.5
35 146
36 136.5
37 138
38 127.5
39 117.5
40 110.5
41 116
42 122
43 110.5
44 93
45 82.5
46 82
47 87.5
48 89.5
49 93.5
50 96.5
51 106
52 100
53 99
54 102
55 101
56 100.5
57 100
58 101.5
59 104
60 104
61 103
62 102
63 98.5
64 100.5
65 96.5
66 97.5
67 103
68 102
69 95.5
70 92.5
71 92.5
72 92.5
73 89.5
74 86
75 81
76 84
77 84.5
78 81.5
79 76.5
80 79.5
81 77.5
82 72
83 64
84 55.5
85 48
86 39
87 37
88 33
89 32
90 29
91 22
92 16
93 10
94 4
95 0
96 0
97 0
98 0
99 0
100 0
101 0
102 0
103 0
104 0
105 0
106 0
107 0
108 0
109 0
110 0
111 0
112 0
#############################



### angle = 67.5
-112 1.5
-111 2
-110 3
-109 5
-108 5
-107 8
-106 8.5
-105 12
-104 13.5
-103 14.5
-102 16.5
-101 17
-100 20.5
-99 24
-98 23.5
-97 25.5
-96 28
-95 30
-94 32.5
-93 34
-92 33.5
-91 37
-90 41.5
-89 39
-88 43
-87 43.5
-86 45.5
-85 49
-84 49
-83 52
-82 51.5
-81 54
-80 54
-79 50.5
-78 57.5
-77 81
-76 98.5
-75 116
-74 127.5
-73 122.5
-72 122
-71 123.5
-70 112
-69 106.5
-68 99.5
-67 91.5
-66 90.5
-65 90.5
-64 83.5
-63 81.5
-62 89.5
-61 93
-60 94.5
-59 93
-58 92
-57 103.5
-56 96.5
-55 97
-54 93.5
-53 94
-52 94.5
-51 86
-50 84.5
-49 82
-48 84.5
-47 94
-46 97.5
-45 102.5
-44 101.5
-43 105
-42 103.5
-41 105
-40 106.5
-39 106.5
-38 113.5
-37 105
-36 113
-35 110
-34 106
-33 129
-32 144.5
-31 149.5
-30 152
-29 154.5
-28 153.5
-27 152
-26 157
-25 162
-24 171
-23 166
-22 157.5
-21 157.5
-20 161.5
-19 164.5
-18 158
-17 156.5
-16 155.5
-15 157
-14 156
-13 145.5
-12 144
-11 142
-10 142.5
-9 132.5
-8 121.5
-7 119
-6 118.5
-5 120.5
-4 111.5
-3 101
-2 84.5
-1 70.5
0 72
1 66
2 60
3 56.5
4 59
5 62
6 63.5
7 69
8 74
9 80.5
10 79.5
11 83.5
12 77
13 78.5
14 84.5
15 80.5
16 85
17 89.5
18 96
19 107.5
20 114.5
21 120.5
22 120.5
23 126.5
24 122.5
25 119.5
26 113
27 111
28 112.5
29 107.5
30 106.5
31 105
32 102.5
33 101
34 98.5
35 97.5
36 92.5
37 88.5
38 82
39 75.5
40 70.5
41 70
42 72.5
43 74.5
44 75.5
45 77.5
46 79
47 78.5
48 77.5
49 76
50 72.5
51 72.5
52 72.5
53 73
54 70.5
55 70
56 70
57 69.5
58 68.5
59 68.5
60 68
61 67.5
62 66
63 64.5
64 66
65 64
66 62
67 63
68 60.5
69 55.5
70 41
71 19.5
72 0
73 0
74 0
75 0
76 0
77 0
78 0
79 0
80 0
81 0
82 0
83 0
84 0
85 0
86 0
87 0
88 0
89 0
90 0
91 0
92 0
93 0
94 0
95 0
96 0
97 0
98 0
99 0
100 0
101 0
102 0
103 0
104 0
105 0
106 0
107 0
108 0
109 0
110 0
111 0
112 0
#############################



### angle = 72
-112 0
-111 0
-110 0
-109 0
-108 0
-107 0
-106 0
-105 0
-104 0
-103 0
-102 0
-101 0
-100 0
-99 0
-98 0
-97 0
-96 3
-95 8
-94 12.5
-93 17.5
-92 25.5
-91 32.5
-90 39.5
-89 44
-88 51
-87 54
-86 58
-85 60
-84 62
-83 64.5
-82 59
-81 60
-80 56
-79 61
-78 65
-77 72
-76 76.5
-75 82
-74 90.5
-73 93
-72 92.5
-71 93.5
-70 93.5
-69 97
-68 103.5
-67 104
-66 110.5
-65 118
-64 119.5
-63 121.5
-62 124.5
-61 123
-60 127
-59 125
-58 126
-57 128.5
-56 128
-55 130.5
-54 125.5
-53 126.5
-52 125
-51 124
-50 122.5
-49 118.5
-48 118
-47 105
-46 101
-45 98
-44 91.5
-43 90
-42 80.5
-41 75
-40 74.5
-39 67
-38 71.5
-37 71
-36 73
-35 68.5
-34 65.5
-33 60
-32 63.5
-31 68
-30 71.5
-29 75
-28 79
-27 80
-26 87
-25 101
-24 105
-23 115.5
-22 117
-21 122
-20 127.5
-19 129.5
-18 137
-17 141
-16 144.5
-15 149
-14 149
-13 148.5
-12 146.5
-11 139.5
-10 136
-9 140.5
-8 134
-7 133
-6 126
-5 118
-4 113.5
-3 114
-2 116.5
-1 121
0 118.5
1 118
2 118
3 118
4 117
5 118.5
6 111
7 101
8 98
9 94.5
10 89.5
11 78.5
12 71
13 71.5
14 69
15 74
16 73.5
17 71.5
18 75
19 75
20 86.5
21 81
22 80.5
23 81.5
24 77
25 81
26 75.5
27 68
28 75
29 68
30 73
31 78
32 81
33 89.5
34 83.5
35 91.5
36 94
37 95.5
38 98.5
39 93.5
40 88.5
41 81.5
42 79
43 77
44 69.5
45 73
46 67.5
47 72
48 72.5
49 79
50 81.5
51 77.5
52 84
53 87.5
54 93
55 91.5
56 89
57 90.5
58 77.5
59 80
60 77.5
61 70.5
62 60
63 48.5
64 37
65 39
66 38
67 39
68 39
69 35.5
70 39
71 37
72 34
73 39
74 32.5
75 39.5
76 35.5
77 37.5
78 39
79 36
80 39.5
81 35.5
82 36.5
83 36
84 33.5
85 38.5
86 34
87 37.5
88 37.5
89 35
90 41.5
91 35
92 38
93 37
94 35
95 36
96 27
97 24
98 19
99 16.5
100 16.5
101 12.5
102 14.5
103 13
104 14
105 15
106 11
107 9
108 7
109 5
110 3
111 1
112 0
#############################



### angle = 76.5
-112 0
-111 0
-110 0
-109 0
-108 0
-107 0
-106 0
-105 0
-104 0
-103 0
-102 0
-101 0
-100 0
-99 0
-98 0
-97 0
-96 0
-95 0
-94 0
-93 0
-92 0
-91 0
-90 0
-89 0
-88 0
-87 0
-86 0
-85 0
-84 0
-83 0
-82 0
-81 0
-80 0
-79 0
-78 0
-77 0
-76 0
-75 0
-74 0
-73 0
-72 0
-71 0
-70 0
-69 0
-68 0
-67 0
-66 0
-65 0
-64 0
-63 0
-62 0
-61 0
-60 3
-59 17
-58 20
-57 24.5
-56 35.5
-55 40.5
-54 39.5
-53 37.5
-52 45.5
-51 57
-50 61.5
-49 57.5
-48 63.5
-47 72
-46 82.5
-45 68
-44 74.5
-43 81.5
-42 95
-41 86
-40 86.5
-39 101.5
-38 109
-37 113
-36 99.5
-35 119.5
-34 118.5
-33 126
-32 126.5
-31 152
-30 154
-29 159
-28 147.5
-27 160.5
-26 157.5
-25 169
-24 161.5
-23 167
-22 173.5
-21 171.5
-20 169.5
-19 164
-18 173
-17 171.5
-16 167
-15 166.5
-14 181.5
-13 181.5
-12 177
-11 164
-10 160
-9 165
-8 162
-7 146.5
-6 130.5
-5 134.5
-4 128
-3 112.5
-2 103.5
-1 104.5
0 115.5
1 98
2 91
3 81
4 94
5 77.5
6 67
7 55.5
8 66.5
9 74
10 86.5
11 77
12 80.5
13 82.5
14 89.5
15 80.5
16 74
17 72.5
18 79.5
19 85
20 76.5
21 79.5
22 84
23 102
24 84.5
25 90
26 85
27 109.5
28 87.5
29 99
30 98
31 105.5
32 97.5
33 88.5
34 93.5
35 104
36 104
37 100
38 105
39 118
40 116
41 117
42 128
43 152
44 147.5
45 134
46 137.5
47 144.5
48 136.5
49 128
50 127
51 132
52 133.5
53 121
54 124.5
55 133
56 139
57 119
58 118.5
59 120
60 124.5
61 105.5
62 90.5
63 97.5
64 98.5
65 81
66 66
67 66
68 82.5
69 78.5
70 70
71 70
72 86
73 89
74 86
75 80.5
76 98
77 103
78 98.5
79 79.5
80 87
81 88
82 83.5
83 69.5
84 69
85 70.5
86 58
87 53.5
88 63
89 62
90 54.5
91 46
92 50
93 44.5
94 38
95 30
96 28
97 28
98 21.5
99 15
100 12
101 11
102 5.5
103 1.5
104 0
105 0
106 0
107 0
108 0
109 0
110 0
111 0
112 0
#############################



### angle = 81
-112 0
-111 0
-110 0
-109 0
-108 0
-107 0
-106 0
-105 0
-104 0
-103 0
-102 0
-101 0
-100 3
-99 7
-98 14
-97 12
-96 14.5
-95 18.5
-94 22
-93 22
-92 23.5
-91 24.5
-90 27.5
-89 28.5
-88 30
-87 28.5
-86 31
-85 34
-84 38
-83 43
-82 51.5
-81 55.5
-80 59
-79 63
-78 65
-77 66.5
-76 64
-75 58.5
-74 62.5
-73 68
-72 77
-71 77.5
-70 80.5
-69 90.5
-68 94
-67 95.5
-66 103.5
-65 111.5
-64 111.5
-63 109.5
-62 113
-61 113.5
-60 109
-59 104
-58 92.5
-57 81
-56 79
-55 76
-54 74
-53 70.5
-52 69
-51 69.5
-50 73
-49 74.5
-48 79.5
-47 87.5
-46 94.5
-45 93
-44 94.5
-43 102
-42 101.5
-41 104.5
-40 103
-39 105
-38 105
-37 100.5
-36 98.5
-35 98.5
-34 101
-33 104.5
-32 110
-31 119
-30 117
-29 116
-28 112.5
-27 113
-26 118
-25 124.5
-24 128
-23 131.5
-22 139.5
-21 138.5
-20 139
-19 143.5
-18 153
-17 158.5
-16 156
-15 162
-14 156.5
-13 152
-12 147.5
-11 133.5
-10 121.5
-9 100.5
-8 92.5
-7 88.5
-6 86
-5 84
-4 80.5
-3 80
-2 86.5
-1 82
0 85.5
1 82
2 82
3 84.5
4 83.5
5 75.5
6 73
7 66.5
8 65.5
9 58
10 55
11 54
12 59.5
13 58.5
14 62.5
15 66.5
16 72
17 72
18 76.5
19 78
20 76.5
21 75
22 74.5
23 73
24 71.5
25 71.5
26 75.5
27 77
28 80
29 82.5
30 83
31 87
32 85.5
33 88.5
34 93.5
35 99.5
36 109
37 107
38 112
39 110.5
40 113
41 116
42 113
43 116
44 114
45 114
46 114
47 107
48 109
49 105.5
50 99.5
51 101
52 94
53 87.5
54 88
55 81.5
56 79
57 77
58 67
59 64
60 63
61 60.5
62 68.5
63 70
64 63.5
65 63.5
66 60
67 62.5
68 66.5
69 66.5
70 65
71 66.5
72 58
73 63
74 59
75 59
76 65
77 69
78 67
79 65
80 62
81 61
82 60
83 55
84 55
85 54
86 49
87 49
88 47
89 44
90 40.5
91 34
92 33
93 32
94 31
95 30
96 30
97 27
98 26
99 20
100 10
101 6.5
102 4.5
103 4
104 2.5
105 3
106 2
107 1
108 0
109 0
110 0
111 0
112 0
#############################



### angle = 85.5
-112 1
-111 2
-110 5
-109 7
-108 9
-107 10
-106 14
-105 15
-104 16
-103 20
-102 20
-101 25
-100 24
-99 28
-98 30
-97 29
-96 36
-95 34
-94 38
-93 40
-92 39
-91 43
-90 40
-89 43.5
-88 39
-87 26
-86 15.5
-85 14.5
-84 6
-83 7
-82 8
-81 10
-80 21
-79 23
-78 33.5
-77 44.5
-76 59
-75 84.5
-74 85.5
-73 88.5
-72 92.5
-71 95
-70 104.5
-69 100
-68 104.5
-67 103.5
-66 107.5
-65 107
-64 106.5
-63 115.5
-62 121.5
-61 121.5
-60 127.5
-59 126.5
-58 127.5
-57 131
-56 138
-55 141.5
-54 140.5
-53 144
-52 142.5
-51 137.5
-50 143.5
-49 142.5
-48 142.5
-47 137.5
-46 131
-45 128.5
-44 132.5
-43 130.5
-42 131
-41 132.5
-40 133
-39 136.5
-38 132
-37 139
-36 141.5
-35 156.5
-34 167
-33 166.5
-32 166
-31 169.5
-30 174
-29 179
-28 171
-27 168
-26 160
-25 152.5
-24 153.5
-23 145
-22 148.5
-21 146
-20 133
-19 120
-18 111.5
-17 112.5
-16 109.5
-15 106
-14 102.5
-13 96.5
-12 94.5
-11 96.5
-10 95
-9 95.5
-8 92
-7 95.5
-6 86
-5 90.5
-4 89
-3 83
-2 85
-1 88.5
0 91.5
1 90
2 93
3 93
4 95.5
5 94.5
6 97
7 93.5
8 88.5
9 83
10 79.5
11 87
12 95
13 95
14 99
15 94.5
16 90.5
17 103.5
18 102.5
19 102.5
20 101.5
21 100
22 99
23 99
24 99
25 100
26 97.5
27 103.5
28 104
29 100
30 103
31 97
32 93
33 89.5
34 88
35 87.5
36 82
37 80.5
38 75.5
39 72
40 73.5
41 74
42 71.5
43 77
44 76.5
45 75
46 74.5
47 73.5
48 73
49 73.5
50 73
51 73
52 73
53 72
54 65.5
55 63
56 62
57 61.5
58 63.5
59 66
60 68
61 67.5
62 67.5
63 66.5
64 56.5
65 48
66 37
67 36
68 33.5
69 28.5
70 12.5
71 0
72 0
73 0
74 0
75 0
76 0
77 0
78 0
79 0
80 0
81 0
82 0
83 0
84 0
85 0
86 0
87 0
88 0
89 0
90 0
91 0
92 0
93 0
94 0
95 0
96 0
97 0
98 0
99 0
100 0
101 0
102 0
103 0
104 0
105 0
106 0
107 0
108 0
109 0
110 0
111 0
112 0
#############################



### angle = 90
-112 0
-111 0
-110 0
-109 0
-108 0
-107 0
-106 0
-105 0
-104 0
-103 0
-102 0
-101 1
-100 4
-99 4
-98 5.5
-97 6
-96 11.5
-95 8.5
-94 10
-93 9
-92 19.5
-91 17
-90 22
-89 31
-88 49
-87 40
-86 39
-85 41
-84 47
-83 64
-82 48
-81 50
-80 52
-79 82
-78 57
-77 58
-76 56.5
-75 85.5
-74 57.5
-73 58
-72 59.5
-71 79.5
-70 65.5
-69 56
-68 56
-67 66
-66 76.5
-65 57
-64 59
-63 60.5
-62 96.5
-61 67
-60 71.5
-59 75.5
-58 113
-57 81.5
-56 76
-55 77
-54 102
-53 90
-52 74.5
-51 73.5
-50 86.5
-49 99.5
-48 76
-47 75
-46 77.5
-45 108
-44 68.5
-43 62.5
-42 59
-41 86
-40 56
-39 56
-38 58
-37 85
-36 71.5
-35 67
-34 67.5
-33 83.5
-32 84
-31 60.5
-30 62
-29 72
-28 75
-27 49
-26 46.5
-25 48
-24 66
-23 43.5
-22 43.5
-21 42.5
-20 62
-19 40.5
-18 37.5
-17 36
-16 51.5
-15 36.5
-14 33
-13 33.5
-12 52.5
-11 51.5
-10 56
-9 66
-8 75.5
-7 95
-6 82
-5 86
-4 88
-3 113
-2 90.5
-1 90
0 94.5
1 119.5
2 99
3 95
4 109
5 138
6 138
7 139.5
8 144
9 158
10 162
11 148.5
12 151.5
13 156
14 168.5
15 151
16 150
17 151.5
18 177
19 151.5
20 152
21 148
22 163.5
23 144
24 125.5
25 123
26 130.5
27 136
28 104
29 98
30 108
31 113
32 99
33 98
34 98.5
35 115.5
36 105.5
37 116.5
38 126
39 143
40 139.5
41 135
42 135.5
43 138.5
44 144
45 132
46 133.5
47 132.5
48 131.5
49 113
50 109
51 105.5
52 104.5
53 108
54 109
55 111
56 117.5
57 106
58 107
59 107.5
60 111.5
61 113.5
62 111
63 109.5
64 108
65 100.5
66 99.5
67 91
68 81
69 80.5
70 78
71 76.5
72 71
73 66
74 57.5
75 51.5
76 53
77 53.5
78 55.5
79 56.5
80 64
81 63.5
82 63
83 56.5
84 51
85 48
86 42
87 44
88 38
89 37
90 31
91 26
92 20.5
93 14
94 9.5
95 3.5
96 0.5
97 0
98 0
99 0
100 0
101 0
102 0
103 0
104 0
105 0
106 0
107 0
108 0
109 0
110 0
111 0
112 0
#############################



### angle = 94.5
-112 0
-111 0
-110 0
-109 0
-108 0
-107 0
-106 0
-105 0
-104 0
-103 0
-102 0
-101 0
-100 1
-99 4
-98 6
-97 9
-96 13
-95 14.5
-94 15
-93 19.5
-92 24
-91 27
-90 27.5
-89 28.5
-88 25
-87 24
-86 23
-85 24.5
-84 28.5
-83 34
-82 35.5
-81 37
-80 38.5
-79 39.5
-78 39.5
-77 39.5
-76 40
-75 42
-74 44.5
-73 44.5
-72 43.5
-71 44.5
-70 44
-69 43
-68 48
-67 50
-66 54.5
-65 58.5
-64 58
-63 63
-62 65.5
-61 64.5
-60 66.5
-59 64.5
-58 68
-57 70
-56 72.5
-55 74
-54 73
-53 71.5
-52 70
-51 70
-50 69
-49 69.5
-48 67
-47 67
-46 66.5
-45 66.5
-44 64
-43 61.5
-42 59
-41 60
-40 65.5
-39 72
-38 68
-37 70
-36 67
-35 65
-34 72.5
-33 70
-32 72
-31 74.5
-30 77.5
-29 72
-28 69
-27 64
-26 54.5
-25 43.5
-24 39
-23 37.5
-22 37
-21 32.5
-20 26
-19 25
-18 23
-17 22
-16 20.5
-15 24
-14 26
-13 27
-12 30.5
-11 30
-10 36
-9 42
-8 48
-7 52.5
-6 63
-5 73.5
-4 83.5
-3 96.5
-2 107
-1 109
0 112.5
1 116
2 121
3 118
4 116
5 113
6 116.5
7 118
8 121.5
9 126
10 127.5
11 136.5
12 147
13 160
14 164.5
15 176.5
16 172.5
17 179
18 180.5
19 183
20 190.5
21 196
22 201
23 202.5
24 201.5
25 203.5
26 202.5
27 203.5
28 206.5
29 193.5
30 184
31 172.5
32 172.5
33 165
34 169.5
35 167
36 167
37 163.5
38 152
39 147
40 138.5
41 133
42 117.5
43 108
44 109.5
45 104
46 96.5
47 97
48 101.5
49 101
50 104.5
51 115
52 119.5
53 122
54 120
55 116
56 110
57 108.5
58 105.5
59 101.5
60 96
61 94
62 94.5
63 92.5
64 93.5
65 90.5
66 85
67 81
68 76.5
69 71
70 65
71 69
72 71
73 73.5
74 73.5
75 70.5
76 67.5
77 66.5
78 65
79 62
80 62.5
81 62.5
82 64
83 65
84 58.5
85 50
86 43.5
87 39.5
88 38
89 34
90 33
91 32
92 30
93 26
94 22
95 18
96 14
97 10
98 5
99 1
100 0
101 0
102 0
103 0
104 0
105 0
106 0
107 0
108 0
109 0
110 0
111 0
112 0
#############################



### angle = 99
-112 0.5
-111 1.5
-110 3
-109 3
-108 6
-107 6.5
-106 9.5
-105 10.5
-104 13.5
-103 14
-102 17
-101 17.5
-100 21.5
-99 23
-98 25
-97 26
-96 28.5
-95 32
-94 31.5
-93 36
-92 35.5
-91 39
-90 41
-89 42
-88 44.5
-87 43.5
-86 46.5
-85 45
-84 44.5
-83 48.5
-82 48
-81 51
-80 50.5
-79 54.5
-78 56
-77 54
-76 61
-75 60
-74 72.5
-73 95.5
-72 112.5
-71 126.5
-70 112.5
-69 109
-68 96.5
-67 93.5
-66 100.5
-65 96.5
-64 102
-63 102
-62 104.5
-61 101.5
-60 101
-59 104.5
-58 103.5
-57 108
-56 106
-55 101
-54 96.5
-53 99
-52 91.5
-51 95.5
-50 88
-49 90
-48 82.5
-47 81.5
-46 77
-45 77.5
-44 84
-43 84.5
-42 96
-41 101.5
-40 113
-39 126
-38 128
-37 143.5
-36 134.5
-35 141.5
-34 143
-33 145.5
-32 152
-31 153
-30 161.5
-29 176
-28 180.5
-27 182
-26 181.5
-25 181.5
-24 178.5
-23 178
-22 165.5
-21 163
-20 161.5
-19 153.5
-18 155
-17 150.5
-16 151
-15 150.5
-14 149.5
-13 143.5
-12 138
-11 130
-10 126.5
-9 116.5
-8 115
-7 110.5
-6 107
-5 99.5
-4 96.5
-3 98.5
-2 96
-1 88.5
0 80.5
1 78.5
2 83.5
3 78
4 76
5 63.5
6 59.5
7 62.5
8 60
9 58.5
10 58.5
11 60
12 63
13 58.5
14 65.5
15 66
16 78.5
17 80
18 82
19 90.5
20 90
21 97.5
22 100.5
23 105
24 102.5
25 103.5
26 105
27 104.5
28 103
29 101
30 97
31 98
32 93
33 92.5
34 89.5
35 87.5
36 86
37 84
38 85
39 84
40 82.5
41 77
42 73.5
43 72.5
44 73.5
45 73
46 73
47 75
48 75
49 73.5
50 72.5
51 72.5
52 72
53 72.5
54 72.5
55 72
56 72.5
57 73.5
58 74.5
59 75
60 74.5
61 72.5
62 71
63 70
64 68.5
65 68
66 67
67 65.5
68 61
69 58.5
70 56.5
71 52.5
72 53.5
73 58.5
74 33
75 14
76 0
77 0
78 0
79 0
80 0
81 0
82 0
83 0
84 0
85 0
86 0
87 0
88 0
89 0
90 0
91 0
92 0
93 0
94 0
95 0
96 0
97 0
98 0
99 0
100 0
101 0
102 0
103 0
104 0
105 0
106 0
107 0
108 0
109 0
110 0
111 0
112 0
#############################



### angle = 103.5
-112 0
-111 0
-110 0
-109 0
-108 0
-107 0
-106 0
-105 0
-104 0
-103 0
-102 0
-101 0
-100 0
-99 0
-98 0
-97 0
-96 0
-95 0
-94 0
-93 1
-92 7
-91 14.5
-90 23
-89 29.5
-88 37
-87 47
-86 54.5
-85 62
-84 66
-83 63
-82 64.5
-81 70
-80 72
-79 75.5
-78 82
-77 83
-76 81.5
-75 88
-74 99
-73 112
-72 121
-71 129
-70 135
-69 134.5
-68 126
-67 125
-66 118.5
-65 116
-64 112
-63 111
-62 110.5
-61 111.5
-60 112
-59 113.5
-58 117
-57 120.5
-56 123
-55 123
-54 117
-53 119
-52 119.5
-51 113
-50 115.5
-49 116.5
-48 113
-47 115
-46 116
-45 103
-44 93
-43 81
-42 69.5
-41 63
-40 57.5
-39 54
-38 45
-37 43
-36 37
-35 39
-34 41.5
-33 62.5
-32 74.5
-31 87
-30 96.5
-29 99.5
-28 109.5
-27 115.5
-26 119.5
-25 123.5
-24 125.5
-23 129.5
-22 132.5
-21 140
-20 146
-19 157
-18 159
-17 160
-16 160
-15 160
-14 167.5
-13 179.5
-12 175
-11 173.5
-10 166.5
-9 164.5
-8 152
-7 146.5
-6 136
-5 133
-4 131
-3 117.5
-2 122.5
-1 121
0 119
1 114.5
2 115.5
3 108.5
4 106
5 101.5
6 88
7 80.5
8 68.5
9 76
10 64.5
11 77
12 67.5
13 69
14 77
15 74.5
16 79
17 73
18 73
19 71.5
20 70
21 70.5
22 68
23 71
24 70.5
25 65.5
26 67.5
27 62
28 66
29 55
30 60.5
31 59.5
32 70.5
33 65
34 72
35 62.5
36 61.5
37 67
38 61
39 66
40 64
41 64
42 72
43 71
44 77.5
45 83
46 81
47 89.5
48 85.5
49 101
50 94.5
51 93
52 98.5
53 89
54 99.5
55 89.5
56 93.5
57 93.5
58 81.5
59 61.5
60 63
61 53
62 59
63 50
64 46.5
65 47
66 35.5
67 35.5
68 28
69 34
70 31.5
71 31.5
72 33
73 30.5
74 38
75 32.5
76 36.5
77 35
78 36.5
79 38.5
80 35
81 40
82 32.5
83 37.5
84 32
85 33
86 39
87 33
88 41
89 38
90 40
91 43
92 35
93 39
94 34
95 32
96 28
97 18.5
98 20.5
99 18
100 10.5
101 14
102 15.5
103 14
104 18
105 10
106 12
107 9
108 5
109 7
110 2
111 1
112 0
#############################



### angle = 108
-112 0
-111 0
-110 0
-109 0
-108 0
-107 0
-106 0
-105 0
-104 0
-103 0
-102 0
-101 0
-100 0
-99 0
-98 0
-97 0
-96 0
-95 0
-94 0
-93 0
-92 0
-91 0
-90 0
-89 0
-88 0
-87 0
-86 0
-85 0
-84 0
-83 0
-82 0
-81 0
-80 0
-79 0
-78 0
-77 0
-76 0
-75 0
-74 0
-73 0
-72 0
-71 0
-70 0
-69 0
-68 0
-67 0
-66 0
-65 0
-64 0
-63 2.5
-62 15.5
-61 20
-60 23
-59 27
-58 25
-57 27
-56 27.5
-55 34
-54 39.5
-53 42
-52 49.5
-51 52
-50 60
-49 65
-48 66.5
-47 76
-46 81
-45 87
-44 89.5
-43 84.5
-42 97
-41 97
-40 106
-39 109.5
-38 109.5
-37 110
-36 107.5
-35 114.5
-34 116.5
-33 119.5
-32 120
-31 125
-30 129.5
-29 127.5
-28 134
-27 134.5
-26 140.5
-25 140.5
-24 145.5
-23 156.5
-22 160
-21 162.5
-20 165
-19 171.5
-18 169.5
-17 176
-16 182.5
-15 186.5
-14 190
-13 179.5
-12 165
-11 154.5
-10 150.5
-9 151.5
-8 146.5
-7 149.5
-6 145.5
-5 141.5
-4 135
-3 125
-2 125
-1 120.5
0 119
1 120.5
2 116.5
3 114
4 107
5 100.5
6 87.5
7 84.5
8 80
9 74.5
10 65
11 58.5
12 50.5
13 56
14 58
15 62
16 61.5
17 71
18 70.5
19 74.5
20 75.5
21 71.5
22 84
23 88
24 90
25 97.5
26 95.5
27 99.5
28 102.5
29 110
30 115
31 114.5
32 118
33 118
34 114
35 111
36 111.5
37 116.5
38 109
39 108.5
40 115.5
41 116.5
42 125.5
43 124.5
44 132
45 132.5
46 134
47 135
48 137
49 134.5
50 126.5
51 132
52 129.5
53 130
54 127
55 126.5
56 117.5
57 108
58 112
59 102
60 103.5
61 90
62 74
63 62
64 55.5
65 62
66 62.5
67 70.5
68 80.5
69 84
70 86
71 85
72 91
73 94.5
74 101
75 102
76 105.5
77 106
78 100.5
79 105
80 93.5
81 89
82 85
83 75
84 74.5
85 63.5
86 66
87 63.5
88 61.5
89 61
90 55
91 50.5
92 47
93 40
94 37
95 29.5
96 25
97 21.5
98 17
99 12
100 8.5
101 6.5
102 4.5
103 4.5
104 3.5
105 2
106 1
107 0
108 0
109 0
110 0
111 0
112 0
#############################



### angle = 112.5
-112 0
-111 0
-110 0
-109 0
-108 0
-107 0
-106 0
-105 0
-104 2
-103 5
-102 8
-101 12
-100 14
-99 12.5
-98 15.5
-97 19
-96 21
-95 24.5
-94 25
-93 25
-92 27.5
-91 30
-90 30
-89 29.5
-88 31.5
-87 32
-86 32
-85 36.5
-84 41
-83 42
-82 44.5
-81 48.5
-80 52
-79 55.5
-78 62.5
-77 64
-76 64
-75 68
-74 65.5
-73 58
-72 57.5
-71 59
-70 63
-69 67
-68 70.5
-67 72.5
-66 78.5
-65 80.5
-64 81
-63 83
-62 86.5
-61 92.5
-60 93
-59 95.5
-58 95
-57 89
-56 80.5
-55 79.5
-54 78
-53 77
-52 79
-51 85.5
-50 95
-49 101
-48 107.5
-47 107
-46 107
-45 105
-44 102
-43 99.5
-42 100.5
-41 100
-40 97.5
-39 96.5
-38 100
-37 98.5
-36 101.5
-35 103
-34 100.5
-33 101.5
-32 97.5
-31 97
-30 98.5
-29 96.5
-28 110
-27 118
-26 113
-25 116
-24 120
-23 124
-22 125
-21 120.5
-20 115.5
-19 121
-18 122
-17 125
-16 135
-15 142
-14 148
-13 143.5
-12 143
-11 144
-10 138.5
-9 139
-8 127.5
-7 122.5
-6 111.5
-5 93
-4 88
-3 82.5
-2 76.5
-1 80
0 74.5
1 77.5
2 76
3 80
4 77
5 71.5
6 73
7 72
8 68
9 70
10 65.5
11 65
12 62
13 60
14 60.5
15 56.5
16 57
17 61.5
18 63
19 68.5
20 70.5
21 72.5
22 81
23 79.5
24 81.5
25 82.5
26 81.5
27 86.5
28 89.5
29 89.5
30 93
31 92
32 97
33 97
34 99.5
35 104
36 112
37 119.5
38 123.5
39 124.5
40 125.5
41 129.5
42 126.5
43 123.5
44 120
45 110.5
46 113.5
47 109
48 109
49 105
50 101.5
51 107
52 97
53 92
54 88.5
55 78
56 78
57 72
58 68
59 72
60 74
61 76
62 78
63 80
64 85.5
65 81
66 69
67 70
68 61.5
69 59
70 55.5
71 56
72 61
73 60
74 62
75 59
76 66.5
77 66.5
78 62.5
79 63
80 65
81 64
82 60
83 57
84 56
85 54
86 52
87 50
88 44.5
89 41
90 38
91 36
92 36
93 33
94 34
95 32
96 30
97 27
98 26
99 17.5
100 9
101 4.5
102 4
103 2.5
104 3
105 2
106 1
107 0
108 0
109 0
110 0
111 0
112 0
#############################



### angle = 117
-112 1
-111 2
-110 6
-109 6
-108 7
-107 14
-106 9
-105 18
-104 15
-103 19
-102 23
-101 20
-100 26
-99 26
-98 29
-97 30
-96 34
-95 33
-94 40
-93 36
-92 42
-91 43
-90 38.5
-89 38
-88 33
-87 32.5
-86 16
-85 13.5
-84 7
-83 11
-82 16
-81 27
-80 31.5
-79 35.5
-78 58
-77 63
-76 76
-75 77
-74 90
-73 95.5
-72 97
-71 105
-70 99.5
-69 102
-68 98.5
-67 108.5
-66 105.5
-65 114
-64 117
-63 121.5
-62 128.5
-61 125
-60 125
-59 124
-58 137
-57 148
-56 146.5
-55 149.5
-54 147
-53 153
-52 149.5
-51 152
-50 149.5
-49 144
-48 140
-47 140.5
-46 134.5
-45 132.5
-44 119
-43 115.5
-42 111
-41 109
-40 108
-39 111.5
-38 114
-37 111.5
-36 121
-35 118.5
-34 126
-33 119
-32 137.5
-31 142
-30 161.5
-29 151
-28 151
-27 142
-26 149
-25 145
-24 142
-23 146.5
-22 134
-21 143
-20 129.5
-19 120
-18 125.5
-17 112.5
-16 112.5
-15 107.5
-14 92.5
-13 100
-12 95
-11 94
-10 97
-9 94.5
-8 96.5
-7 95.5
-6 96
-5 91
-4 97
-3 94.5
-2 94.5
-1 101.5
0 94
1 96.5
2 96
3 84
4 87
5 87.5
6 82.5
7 90
8 95.5
9 110
10 109.5
11 102
12 116
13 116
14 109
15 120
16 113.5
17 119
18 114.5
19 114
20 114.5
21 109.5
22 117
23 109.5
24 112.5
25 113.5
26 110.5
27 112.5
28 109
29 106.5
30 104.5
31 100.5
32 99
33 104.5
34 107
35 105.5
36 103
37 100
38 97.5
39 90.5
40 82.5
41 88
42 85
43 81
44 83
45 73.5
46 72
47 67
48 64.5
49 66
50 64
51 63
52 66.5
53 71
54 71.5
55 73
56 69
57 68.5
58 67.5
59 67
60 63
61 62
62 54
63 38
64 24.5
65 8
66 1
67 0
68 0
69 0
70 0
71 0
72 0
73 0
74 0
75 0
76 0
77 0
78 0
79 0
80 0
81 0
82 0
83 0
84 0
85 0
86 0
87 0
88 0
89 0
90 0
91 0
92 0
93 0
94 0
95 0
96 0
97 0
98 0
99 0
100 0
101 0
102 0
103 0
104 0
105 0
106 0
107 0
108 0
109 0
110 0
111 0
112 0
#############################



### angle = 121.5
-112 0
-111 0
-110 0
-109 0
-108 0
-107 0
-106 0
-105 0
-104 1
-103 2
-102 4
-101 5.5
-100 6
-99 6.5
-98 8.5
-97 10
-96 11
-95 13.5
-94 16
-93 21.5
-92 27.5
-91 35
-90 38
-89 39
-88 42
-87 44
-86 46
-85 49
-84 50
-83 52
-82 55
-81 58
-80 61
-79 63
-78 64
-77 66
-76 67
-75 65.5
-74 65.5
-73 65
-72 57
-71 58
-70 61.5
-69 62.5
-68 63
-67 63.5
-66 64
-65 64.5
-64 68
-63 70.5
-62 74.5
-61 75.5
-60 80
-59 82
-58 84
-57 86
-56 86
-55 89
-54 88
-53 87
-52 83.5
-51 83.5
-50 85
-49 82.5
-48 77.5
-47 72
-46 70
-45 67
-44 70.5
-43 71.5
-42 73.5
-41 76
-40 79
-39 81
-38 82.5
-37 84
-36 83.5
-35 84.5
-34 85.5
-33 77
-32 74.5
-31 75.5
-30 67.5
-29 63.5
-28 59.5
-27 57
-26 57
-25 52
-24 54.5
-23 53
-22 49
-21 45.5
-20 47
-19 45.5
-18 46.5
-17 45
-16 44.5
-15 43
-14 45.5
-13 45.5
-12 47.5
-11 48
-10 48.5
-9 51.5
-8 53.5
-7 56.5
-6 65.5
-5 76
-4 86
-3 95
-2 106.5
-1 106
0 100.5
1 96.5
2 105
3 123.5
4 138
5 137
6 143
7 144.5
8 146
9 151.5
10 155
11 151.5
12 156.5
13 161
14 163
15 160
16 165.5
17 166
18 167.5
19 162
20 151
21 145
22 138
23 137
24 137
25 134
26 123
27 111.5
28 107.5
29 107.5
30 100.5
31 98.5
32 100.5
33 109
34 113.5
35 115.5
36 111.5
37 112.5
38 112.5
39 114
40 113.5
41 116.5
42 125.5
43 122.5
44 116
45 117
46 111
47 100
48 97.5
49 102
50 103
51 101
52 104
53 99.5
54 102
55 111
56 111
57 111
58 110.5
59 111
60 115
61 112
62 111
63 111.5
64 109.5
65 105.5
66 105
67 101
68 99
69 93.5
70 87.5
71 85
72 79
73 76
74 72
75 70
76 73.5
77 76
78 74.5
79 69
80 61
81 62.5
82 65
83 66.5
84 59
85 49
86 42.5
87 39
88 28
89 18
90 7.5
91 0
92 0
93 0
94 0
95 0
96 0
97 0
98 0
99 0
100 0
101 0
102 0
103 0
104 0
105 0
106 0
107 0
108 0
109 0
110 0
111 0
112 0
#############################



### angle = 126
-112 0
-111 0
-110 0
-109 0
-108 0
-107 0
-106 0
-105 0
-104 0
-103 0
-102 0
-101 0
-100 0
-99 0
-98 0
-97 0
-96 0
-95 2
-94 6
-93 10
-92 12
-91 13.5
-90 18.5
-89 23
-88 27
-87 31
-86 32
-85 30
-84 26
-83 25.5
-82 22.5
-81 23.5
-80 24.5
-79 33
-78 37
-77 38.5
-76 38.5
-75 40
-74 42
-73 45
-72 46
-71 47.5
-70 48.5
-69 49
-68 56.5
-67 58.5
-66 60
-65 62.5
-64 64
-63 67
-62 68
-61 65.5
-60 65.5
-59 64.5
-58 66.5
-57 67
-56 67
-55 70.5
-54 73
-53 74
-52 72
-51 72
-50 70
-49 69.5
-48 69
-47 69
-46 67
-45 66
-44 59
-43 57
-42 54.5
-41 54.5
-40 53.5
-39 51
-38 52.5
-37 54.5
-36 61.5
-35 65.5
-34 68
-33 70.5
-32 71
-31 72
-30 71
-29 72.5
-28 74
-27 73.5
-26 70.5
-25 65.5
-24 61
-23 53
-22 46
-21 47
-20 43.5
-19 45
-18 47
-17 51
-16 49
-15 49
-14 52.5
-13 55
-12 55
-11 53
-10 51
-9 52
-8 54
-7 58
-6 60.5
-5 63
-4 65.5
-3 67
-2 70.5
-1 77
0 81
1 80
2 81.5
3 80.5
4 91
5 100.5
6 98.5
7 100
8 105.5
9 113
10 119.5
11 121
12 138.5
13 147
14 159.5
15 170.5
16 179
17 180
18 184.5
19 184.5
20 187
21 190
22 191
23 195
24 195
25 199
26 203.5
27 207
28 206.5
29 206
30 204.5
31 190.5
32 183.5
33 173
34 168.5
35 165
36 163.5
37 160.5
38 156.5
39 158
40 170.5
41 174.5
42 170
43 162.5
44 152
45 140.5
46 132.5
47 122.5
48 98.5
49 91.5
50 89.5
51 103
52 120
53 125
54 125.5
55 118.5
56 118.5
57 118
58 118.5
59 113
60 108
61 102.5
62 91.5
63 83.5
64 76.5
65 70
66 66.5
67 62
68 58
69 57
70 61.5
71 60
72 59
73 54
74 52.5
75 55.5
76 61
77 55.5
78 53.5
79 54.5
80 53.5
81 53
82 52.5
83 50
84 55.5
85 53
86 43.5
87 40.5
88 39.5
89 37.5
90 36
91 35
92 33
93 32
94 29
95 26
96 24
97 20
98 17
99 13
100 10
101 7
102 4
103 1
104 0
105 0
106 0
107 0
108 0
109 0
110 0
111 0
112 0
#############################



### angle = 130.5
-112 0
-111 0
-110 1
-109 2.5
-108 3.5
-107 5
-106 6.5
-105 9.5
-104 11.5
-103 14.5
-102 16
-101 18
-100 19.5
-99 22
-98 24.5
-97 26.5
-96 28.5
-95 30.5
-94 33.5
-93 34.5
-92 37.5
-91 40.5
-90 41.5
-89 43
-88 43.5
-87 45
-86 45
-85 43
-84 42
-83 43.5
-82 47
-81 51
-80 53
-79 54.5
-78 59.5
-77 59.5
-76 61.5
-75 67
-74 68
-73 65
-72 70
-71 76
-70 82.5
-69 86
-68 81.5
-67 78.5
-66 79.5
-65 89.5
-64 105
-63 110.5
-62 110.5
-61 116
-60 113
-59 111
-58 111
-57 111.5
-56 110.5
-55 109.5
-54 106.5
-53 101.5
-52 96.5
-51 96
-50 101
-49 100.5
-48 102.5
-47 100
-46 103
-45 106.5
-44 102.5
-43 103
-42 107.5
-41 112
-40 115.5
-39 124
-38 127
-37 140
-36 147.5
-35 155.5
-34 160
-33 160
-32 172
-31 172.5
-30 171
-29 170.5
-28 172
-27 175.5
-26 180
-25 179
-24 176.5
-23 175.5
-22 173.5
-21 164.5
-20 161
-19 155.5
-18 150.5
-17 144
-16 140
-15 135
-14 128.5
-13 123
-12 115.5
-11 106
-10 109.5
-9 103
-8 98.5
-7 95
-6 98.5
-5 104.5
-4 107.5
-3 107
-2 106.5
-1 108
0 106.5
1 102
2 88.5
3 88
4 90.5
5 90.5
6 85
7 79.5
8 73
9 69
10 58
11 48.5
12 44
13 43
14 46
15 53
16 55.5
17 63
18 67.5
19 67
20 67
21 71
22 75.5
23 82
24 87.5
25 90.5
26 88
27 87
28 85
29 83
30 80.5
31 80
32 80.5
33 82.5
34 84
35 85
36 86
37 86
38 86
39 86
40 85
41 84
42 84
43 80.5
44 79
45 77
46 78.5
47 77
48 75
49 74
50 73
51 72
52 71
53 70.5
54 71
55 69.5
56 69.5
57 71.5
58 72
59 73.5
60 74
61 74
62 74
63 74
64 75
65 74
66 73
67 72.5
68 69
69 65
70 63
71 61.5
72 58
73 58
74 55
75 47.5
76 38.5
77 29
78 20.5
79 13.5
80 13
81 7
82 0
83 0
84 0
85 0
86 0
87 0
88 0
89 0
90 0
91 0
92 0
93 0
94 0
95 0
96 0
97 0
98 0
99 0
100 0
101 0
102 0
103 0
104 0
105 0
106 0
107 0
108 0
109 0
110 0
111 0
112 0
#############################



### angle = 135
-112 0
-111 0
-110 0
-109 0
-108 0
-107 0
-106 0
-105 0
-104 0
-103 0
-102 0
-101 0
-100 0
-99 0
-98 0
-97 0
-96 0
-95 0
-94 0
-93 0
-92 0
-91 0
-90 0
-89 3
-88 15
-87 26.5
-86 40
-85 53
-84 60.5
-83 68
-82 79.5
-81 80.5
-80 85
-79 97.5
-78 110.5
-77 121.5
-76 124
-75 126.5
-74 128
-73 134.5
-72 131.5
-71 129
-70 121.5
-69 116.5
-68 117.5
-67 118
-66 116.5
-65 114.5
-64 113
-63 112.5
-62 108
-61 107.5
-60 103
-59 102.5
-58 101
-57 107
-56 109.5
-55 114.5
-54 115.5
-53 115.5
-52 111.5
-51 103
-50 102
-49 101
-48 97
-47 96
-46 93
-45 93.5
-44 86
-43 81
-42 78.5
-41 72.5
-40 68.5
-39 65.5
-38 65.5
-37 62.5
-36 67.5
-35 60
-34 65.5
-33 77.5
-32 80.5
-31 87.5
-30 91
-29 98
-28 117
-27 129
-26 135.5
-25 138
-24 143
-23 141.5
-22 156
-21 154
-20 159.5
-19 168.5
-18 172
-17 181
-16 188
-15 178.5
-14 189
-13 188
-12 188.5
-11 183
-10 186
-9 179.5
-8 178
-7 170.5
-6 171.5
-5 156
-4 146
-3 128.5
-2 120.5
-1 117.5
0 117
1 117
2 106
3 88.5
4 79
5 71
6 74.5
7 69.5
8 66.5
9 60
10 67.5
11 61
12 70.5
13 67.5
14 66
15 60.5
16 61
17 58.5
18 58.5
19 58
20 58.5
21 57
22 62.5
23 59.5
24 61.5
25 55.5
26 58.5
27 51.5
28 50.5
29 43
30 41
31 39.5
32 38.5
33 37
34 41
35 41.5
36 49
37 50.5
38 57.5
39 65
40 67.5
41 71.5
42 86.5
43 87
44 91
45 91.5
46 96
47 93.5
48 101.5
49 94
50 101
51 102
52 103.5
53 98
54 91.5
55 89
56 78
57 73
58 74.5
59 60.5
60 60.5
61 51
62 52.5
63 46
64 44
65 44
66 41.5
67 40.5
68 32.5
69 31.5
70 30
71 30
72 34
73 31.5
74 33.5
75 34.5
76 34.5
77 35
78 36
79 34.5
80 38
81 34.5
82 36
83 34.5
84 35.5
85 36
86 36.5
87 38.5
88 40
89 40.5
90 40
91 40
92 38
93 34
94 33
95 25
96 21
97 20.5
98 16
99 15
100 13
101 15.5
102 17
103 16
104 13
105 11
106 10
107 6
108 6
109 3
110 1
111 0
112 0
#############################



### angle = 139.5
-112 0
-111 0
-110 0
-109 0
-108 0
-107 0
-106 0
-105 0
-104 0
-103 0
-102 0
-101 0
-100 0
-99 0
-98 0
-97 0
-96 0
-95 0
-94 0
-93 0
-92 0
-91 0
-90 0
-89 0
-88 0
-87 0
-86 0
-85 0
-84 0
-83 0
-82 0
-81 0
-80 0
-79 0
-78 0
-77 0
-76 0
-75 0
-74 0
-73 0
-72 0
-71 0
-70 0
-69 0
-68 0
-67 0
-66 2
-65 11
-64 21
-63 25
-62 27
-61 25
-60 28.5
-59 31
-58 36
-57 37.5
-56 42
-55 44.5
-54 48
-53 55.5
-52 54.5
-51 57
-50 65
-49 71
-48 79
-47 86
-46 89.5
-45 91
-44 85.5
-43 90
-42 95
-41 94.5
-40 104.5
-39 110
-38 114
-37 118.5
-36 116.5
-35 121
-34 122
-33 117.5
-32 115.5
-31 113.5
-30 112.5
-29 110.5
-28 108.5
-27 108
-26 107
-25 119
-24 120.5
-23 131.5
-22 140.5
-21 145
-20 158.5
-19 155
-18 158.5
-17 167.5
-16 165
-15 169.5
-14 165
-13 148
-12 154
-11 151.5
-10 156
-9 158.5
-8 153
-7 156
-6 148.5
-5 147
-4 140.5
-3 135
-2 127.5
-1 119
0 112
1 105
2 98
3 95
4 87
5 86
6 92
7 89
8 99
9 101.5
10 104.5
11 103.5
12 99.5
13 90
14 75.5
15 68
16 63
17 67
18 72.5
19 75.5
20 79
21 88
22 95
23 99.5
24 103
25 103.5
26 102
27 107
28 103
29 111.5
30 109.5
31 105.5
32 109
33 105.5
34 106
35 112
36 110
37 122.5
38 126.5
39 128.5
40 133.5
41 138.5
42 127
43 121.5
44 121
45 122
46 125.5
47 129.5
48 123.5
49 122
50 125
51 118.5
52 125
53 125
54 123
55 114
56 102
57 98
58 87.5
59 75.5
60 75
61 73.5
62 78.5
63 70.5
64 61.5
65 62.5
66 61.5
67 66.5
68 74
69 81.5
70 92.5
71 97
72 100
73 109.5
74 107.5
75 115.5
76 115.5
77 115.5
78 109
79 97.5
80 97.5
81 89.5
82 83
83 75
84 73
85 73.5
86 67.5
87 64.5
88 60
89 52
90 49
91 43.5
92 38
93 34
94 26
95 22
96 20.5
97 17
98 15.5
99 13.5
100 13
101 10.5
102 9
103 7.5
104 5
105 5
106 3.5
107 2.5
108 1
109 0.5
110 0
111 0
112 0
#############################



### angle = 144
-112 0
-111 0
-110 0
-109 0
-108 0
-107 2
-106 4
-105 8
-104 10
-103 14
-102 12.5
-101 12
-100 14.5
-99 16.5
-98 20
-97 23.5
-96 25.5
-95 25.5
-94 27.5
-93 32
-92 31
-91 32
-90 32.5
-89 32
-88 33
-87 34
-86 35.5
-85 37
-84 39
-83 40.5
-82 44.5
-81 46.5
-80 46.5
-79 50
-78 52
-77 51.5
-76 55
-75 57
-74 58.5
-73 61.5
-72 62
-71 62
-70 60.5
-69 61
-68 61.5
-67 59
-66 58
-65 57
-64 59
-63 59
-62 58.5
-61 65
-60 69
-59 70.5
-58 71
-57 74
-56 73.5
-55 71.5
-54 81
-53 98
-52 107.5
-51 107
-50 108
-49 109.5
-48 111
-47 108
-46 108
-45 108.5
-44 106
-43 108
-42 108
-41 106.5
-40 104.5
-39 103
-38 105.5
-37 101.5
-36 101.5
-35 99.5
-34 101.5
-33 105
-32 104
-31 95.5
-30 94
-29 93
-28 92.5
-27 91
-26 87.5
-25 87.5
-24 94.5
-23 100.5
-22 106
-21 104
-20 105.5
-19 110.5
-18 120
-17 122
-16 124
-15 126
-14 122.5
-13 125
-12 127
-11 127.5
-10 129
-9 127
-8 124.5
-7 118
-6 117
-5 116.5
-4 118.5
-3 114.5
-2 107.5
-1 104.5
0 100
1 96
2 96.5
3 91.5
4 80
5 77.5
6 75.5
7 73
8 75
9 73.5
10 71.5
11 67.5
12 67
13 66
14 68
15 63.5
16 61.5
17 63.5
18 61.5
19 61
20 62.5
21 65.5
22 70
23 71.5
24 77
25 80.5
26 80
27 83.5
28 86.5
29 90
30 94.5
31 96.5
32 100
33 102.5
34 105.5
35 111.5
36 116.5
37 122
38 126.5
39 130
40 128.5
41 130
42 132
43 129.5
44 131.5
45 126
46 119
47 117
48 121.5
49 113.5
50 105
51 97
52 90
53 85
54 83.5
55 81.5
56 80.5
57 84
58 87.5
59 93.5
60 94
61 91.5
62 90.5
63 92
64 83.5
65 79.5
66 78
67 73.5
68 72.5
69 69.5
70 62
71 58
72 54.5
73 51.5
74 54.5
75 65
76 67.5
77 65
78 66
79 62.5
80 61.5
81 62
82 62
83 60
84 57
85 55
86 50
87 44.5
88 43
89 41
90 41
91 39
92 37
93 36
94 34
95 31
96 30
97 25
98 17
99 11
100 7
101 3
102 2.5
103 3
104 1
105 0
106 0
107 0
108 0
109 0
110 0
111 0
112 0
#############################



### angle = 148.5
-112 0
-111 1
-110 3
-109 6
-108 6
-107 10
-106 12
-105 13
-104 15
-103 18
-102 19
-101 22
-100 23
-99 25
-98 28
-97 29
-96 31
-95 34
-94 35
-93 37
-92 40
-91 38.5
-90 36.5
-89 39
-88 40.5
-87 41
-86 35.5
-85 30
-84 29.5
-83 31
-82 35.5
-81 40.5
-80 44
-79 53
-78 59
-77 64.5
-76 71.5
-75 78
-74 93
-73 95
-72 99
-71 91.5
-70 97.5
-69 101.5
-68 109
-67 104.5
-66 112.5
-65 111
-64 112.5
-63 113
-62 122
-61 120.5
-60 131.5
-59 138
-58 145
-57 156.5
-56 156
-55 147.5
-54 148.5
-53 150
-52 152.5
-51 151
-50 152.5
-49 148
-48 146
-47 143.5
-46 138
-45 130.5
-44 125.5
-43 118.5
-42 109
-41 103
-40 92
-39 89
-38 87
-37 90.5
-36 99
-35 99
-34 104.5
-33 112
-32 109.5
-31 99.5
-30 104.5
-29 114.5
-28 120
-27 132.5
-26 130
-25 128
-24 131.5
-23 129
-22 125
-21 123
-20 119.5
-19 117
-18 120.5
-17 125.5
-16 122
-15 124.5
-14 124.5
-13 125.5
-12 119.5
-11 114
-10 109.5
-9 98.5
-8 89
-7 90
-6 81.5
-5 79.5
-4 71.5
-3 68
-2 67.5
-1 68.5
0 74.5
1 86
2 87
3 89
4 92.5
5 94
6 104
7 106.5
8 121.5
9 129.5
10 129.5
11 132.5
12 134.5
13 141.5
14 144
15 145.5
16 141.5
17 138
18 134.5
19 132
20 129.5
21 131
22 127.5
23 128
24 127.5
25 125.5
26 128.5
27 132.5
28 128.5
29 124.5
30 116.5
31 115.5
32 111.5
33 113.5
34 101.5
35 99.5
36 98
37 94.5
38 96
39 94.5
40 90
41 93
42 89
43 89
44 86.5
45 90.5
46 87.5
47 82.5
48 78.5
49 72.5
50 73
51 73.5
52 69
53 70.5
54 67
55 57
56 50.5
57 45
58 40
59 32
60 22.5
61 20
62 14
63 5.5
64 1
65 0
66 0
67 0
68 0
69 0
70 0
71 0
72 0
73 0
74 0
75 0
76 0
77 0
78 0
79 0
80 0
81 0
82 0
83 0
84 0
85 0
86 0
87 0
88 0
89 0
90 0
91 0
92 0
93 0
94 0
95 0
96 0
97 0
98 0
99 0
100 0
101 0
102 0
103 0
104 0
105 0
106 0
107 0
108 0
109 0
110 0
111 0
112 0
#############################



### angle = 153
-112 0
-111 0
-110 0
-109 0
-108 0
-107 0
-106 1
-105 3
-104 3
-103 4.5
-102 5
-101 6.5
-100 6.5
-99 10
-98 10.5
-97 16
-96 19.5
-95 26
-94 25
-93 27.5
-92 36
-91 37
-90 40
-89 43
-88 43
-87 47
-86 47
-85 51
-84 54
-83 53
-82 58
-81 57
-80 62
-79 65
-78 63
-77 68
-76 67
-75 73
-74 64.5
-73 57.5
-72 59.5
-71 56.5
-70 60.5
-69 64
-68 59
-67 66.5
-66 60.5
-65 61.5
-64 66
-63 68
-62 75.5
-61 74
-60 81
-59 82
-58 80.5
-57 84
-56 83.5
-55 86.5
-54 90.5
-53 80
-52 80.5
-51 69.5
-50 77
-49 81.5
-48 74.5
-47 82.5
-46 79
-45 86.5
-44 86.5
-43 82.5
-42 91
-41 87.5
-40 92.5
-39 93
-38 88.5
-37 94.5
-36 88.5
-35 93.5
-34 85
-33 80.5
-32 74.5
-31 65
-30 66.5
-29 65
-28 59
-27 61.5
-26 55.5
-25 56
-24 57
-23 50.5
-22 52
-21 49.5
-20 49
-19 48.5
-18 44
-17 47.5
-16 50.5
-15 57
-14 57
-13 54
-12 56
-11 53
-10 56.5
-9 58.5
-8 55
-7 58.5
-6 58
-5 57
-4 59
-3 54.5
-2 56.5
-1 66
0 136
1 143.5
2 147
3 144
4 144.5
5 138.5
6 142
7 144
8 150.5
9 158
10 154
11 156
12 148.5
13 158
14 160.5
15 153
16 147
17 139
18 138
19 134
20 128.5
21 131
22 128.5
23 129
24 130
25 128
26 119.5
27 119
28 129
29 136
30 131
31 131.5
32 129
33 128.5
34 125.5
35 117
36 113.5
37 107
38 105
39 103.5
40 98
41 96.5
42 87
43 83.5
44 80
45 74.5
46 82.5
47 93
48 92.5
49 92
50 91.5
51 91
52 95
53 97
54 103
55 101.5
56 110
57 115
58 110.5
59 111.5
60 112.5
61 112
62 112
63 114
64 116
65 111.5
66 109
67 106
68 101
69 97.5
70 97.5
71 94
72 90
73 87
74 81
75 75.5
76 73
77 79.5
78 77
79 82.5
80 84
81 87.5
82 90
83 92.5
84 86
85 13.5
86 0
87 0
88 0
89 0
90 0
91 0
92 0
93 0
94 0
95 0
96 0
97 0
98 0
99 0
100 0
101 0
102 0
103 0
104 0
105 0
106 0
107 0
108 0
109 0
110 0
111 0
112 0
#############################



### angle = 157.5
-112 0
-111 0
-110 0
-109 0
-108 0
-107 0
-106 0
-105 0
-104 0
-103 0
-102 0
-101 0
-100 0
-99 0
-98 0
-97 0
-96 0
-95 0
-94 0
-93 0
-92 0
-91 0
-90 2
-89 6
-88 11
-87 14.5
-86 18.5
-85 25
-84 29
-83 31
-82 31.5
-81 32
-80 31.5
-79 26.5
-78 24
-77 25
-76 25
-75 29
-74 35.5
-73 40.5
-72 43.5
-71 45
-70 45.5
-69 48
-68 53
-67 61.5
-66 67.5
-65 71.5
-64 74
-63 74
-62 74
-61 71
-60 67.5
-59 66.5
-58 66.5
-57 65.5
-56 63.5
-55 66.5
-54 68
-53 70
-52 73
-51 73
-50 74
-49 73
-48 72
-47 70
-46 69
-45 69.5
-44 61.5
-43 57.5
-42 56
-41 54
-40 56
-39 53.5
-38 52.5
-37 52.5
-36 53.5
-35 53.5
-34 55.5
-33 56.5
-32 58.5
-31 63
-30 68.5
-29 68.5
-28 68.5
-27 70.5
-26 75
-25 79
-24 82
-23 82.5
-22 79.5
-21 80
-20 70.5
-19 73.5
-18 74.5
-17 73
-16 74.5
-15 73
-14 72.5
-13 71
-12 71
-11 63
-10 63.5
-9 59
-8 60
-7 63
-6 62.5
-5 63
-4 60.5
-3 56.5
-2 51
-1 55.5
0 61.5
1 64.5
2 67.5
3 68
4 73
5 78.5
6 79.5
7 88.5
8 89.5
9 97
10 105
11 118
12 130
13 141
14 146.5
15 158.5
16 163.5
17 171
18 172
19 186.5
20 186.5
21 187.5
22 189.5
23 188.5
24 190
25 195.5
26 197.5
27 196
28 192.5
29 189
30 191.5
31 189
32 178.5
33 172
34 173
35 173.5
36 173
37 182
38 191.5
39 191.5
40 189
41 179
42 175
43 170.5
44 165
45 153
46 142.5
47 132.5
48 118
49 110.5
50 105.5
51 114
52 125.5
53 131
54 126.5
55 126
56 127.5
57 124
58 116
59 106.5
60 100
61 87.5
62 85.5
63 83
64 77.5
65 70
66 69
67 70.5
68 65
69 62
70 58
71 55.5
72 53
73 50.5
74 46.5
75 46
76 43.5
77 43
78 40.5
79 41.5
80 45
81 41
82 43
83 42.5
84 44.5
85 43
86 42
87 42
88 42.5
89 40.5
90 37
91 35
92 35
93 34
94 33
95 31
96 28
97 25
98 23
99 19
100 18
101 14
102 12
103 9
104 6
105 4
106 1
107 0
108 0
109 0
110 0
111 0
112 0
#############################



### angle = 162
-112 0
-111 0
-110 0
-109 0
-108 1
-107 2
-106 3.5
-105 6
-104 8
-103 11
-102 13
-101 15
-100 18.5
-99 19.5
-98 23
-97 25.5
-96 26.5
-95 31
-94 34
-93 34.5
-92 37.5
-91 40
-90 41.5
-89 41.5
-88 44.5
-87 43
-86 40.5
-85 44.5
-84 45.5
-83 45.5
-82 49.5
-81 49
-80 51
-79 59.5
-78 61.5
-77 65.5
-76 67.5
-75 58
-74 56
-73 59.5
-72 64
-71 69.5
-70 64.5
-69 67.5
-68 72.5
-67 76.5
-66 81
-65 82
-64 73
-63 74.5
-62 76
-61 86
-60 95.5
-59 99.5
-58 111
-57 119
-56 125
-55 129
-54 126.5
-53 124.5
-52 120.5
-51 129.5
-50 134
-49 133
-48 135
-47 138
-46 129.5
-45 132.5
-44 133
-43 126.5
-42 126.5
-41 125.5
-40 123
-39 121.5
-38 124.5
-37 126
-36 124.5
-35 132
-34 137.5
-33 143.5
-32 156
-31 173.5
-30 179
-29 181.5
-28 179.5
-27 178
-26 176
-25 176.5
-24 173.5
-23 169
-22 163
-21 151
-20 143.5
-19 134
-18 125.5
-17 119
-16 117
-15 118
-14 114.5
-13 114.5
-12 113
-11 116
-10 115.5
-9 113
-8 109
-7 108.5
-6 111
-5 112
-4 112.5
-3 116.5
-2 114.5
-1 117.5
0 117
1 113.5
2 110
3 101.5
4 90
5 86
6 78.5
7 73.5
8 67.5
9 62.5
10 65.5
11 61.5
12 60
13 59.5
14 63.5
15 55
16 55
17 50.5
18 49.5
19 49
20 50.5
21 52
22 52
23 53
24 54
25 59
26 60
27 67
28 68
29 73
30 77.5
31 76
32 76.5
33 78
34 75.5
35 78.5
36 77
37 80
38 81.5
39 83.5
40 87
41 85
42 87
43 85
44 85
45 83.5
46 81.5
47 82.5
48 82.5
49 83.5
50 82.5
51 78
52 75
53 70.5
54 71
55 68.5
56 68.5
57 67.5
58 66
59 66.5
60 69.5
61 74.5
62 76
63 75
64 76
65 76
66 73
67 71
68 70
69 69.5
70 66.5
71 66
72 65.5
73 65
74 61
75 56
76 55.5
77 48.5
78 43.5
79 35.5
80 27.5
81 23.5
82 15.5
83 10.5
84 11.5
85 10
86 6
87 2
88 0
89 0
90 0
91 0
92 0
93 0
94 0
95 0
96 0
97 0
98 0
99 0
100 0
101 0
102 0
103 0
104 0
105 0
106 0
107 0
108 0
109 0
110 0
111 0
112 0
#############################



### angle = 166.5
-112 0
-111 0
-110 0
-109 0
-108 0
-107 0
-106 0
-105 0
-104 0
-103 0
-102 0
-101 0
-100 0
-99 0
-98 0
-97 0
-96 0
-95 0
-94 0
-93 0
-92 0
-91 0
-90 0
-89 0
-88 0
-87 0
-86 0
-85 0
-84 112
-83 112
-82 111
-81 111.5
-80 111
-79 110
-78 114.5
-77 120
-76 118.5
-75 121.5
-74 119.5
-73 117.5
-72 121.5
-71 121.5
-70 120.5
-69 120.5
-68 118
-67 120
-66 116
-65 111.5
-64 110
-63 109
-62 107.5
-61 106.5
-60 105.5
-59 104.5
-58 102
-57 94
-56 91
-55 89.5
-54 91
-53 91.5
-52 91.5
-51 93
-50 95.5
-49 90.5
-48 88
-47 89.5
-46 89.5
-45 89
-44 88
-43 84
-42 84.5
-41 86
-40 88
-39 93
-38 101.5
-37 105
-36 101.5
-35 104.5
-34 103.5
-33 110
-32 107.5
-31 104.5
-30 107.5
-29 107.5
-28 112.5
-27 117
-26 118.5
-25 124
-24 146.5
-23 160.5
-22 172.5
-21 182.5
-20 188.5
-19 188
-18 190
-17 191.5
-16 190.5
-15 192
-14 191.5
-13 193
-12 190.5
-11 191
-10 185
-9 176.5
-8 180.5
-7 179
-6 177.5
-5 176.5
-4 171
-3 173
-2 162.5
-1 159.5
0 78.5
1 75.5
2 74
3 72
4 67.5
5 66
6 60
7 54.5
8 56
9 57
10 55.5
11 52.5
12 49.5
13 51
14 49.5
15 51
16 49.5
17 52
18 49
19 48.5
20 47.5
21 48
22 46
23 41
24 36
25 33
26 26.5
27 27
28 25
29 33
30 37
31 37.5
32 39
33 39.5
34 43.5
35 48
36 61
37 66
38 70.5
39 73.5
40 78
41 84.5
42 86.5
43 87
44 89
45 94
46 93
47 98.5
48 99
49 99
50 98.5
51 96.5
52 88
53 83
54 79.5
55 78.5
56 76
57 73
58 71
59 61
60 57
61 52
62 48.5
63 46.5
64 43.5
65 42
66 41.5
67 43
68 40
69 38.5
70 35.5
71 33
72 33
73 32
74 33.5
75 34
76 34
77 34.5
78 35
79 34
80 35.5
81 37
82 37
83 38.5
84 37.5
85 39
86 39
87 39.5
88 39
89 38.5
90 37
91 38
92 33.5
93 27.5
94 23
95 20.5
96 18
97 17.5
98 15.5
99 17
100 17.5
101 16
102 14
103 13
104 10
105 8
106 6
107 4
108 2
109 0
110 0
111 0
112 0
#############################



### angle = 171
-112 0
-111 0
-110 0
-109 0
-108 0
-107 0
-106 0
-105 0
-104 0
-103 0
-102 0
-101 0
-100 0
-99 0
-98 0
-97 0
-96 0
-95 0
-94 0
-93 0
-92 0
-91 0
-90 0
-89 0
-88 0
-87 0
-86 0
-85 0
-84 0
-83 0
-82 0
-81 0
-80 0
-79 0
-78 0
-77 0
-76 0
-75 0
-74 0
-73 0
-72 0
-71 0
-70 0
-69 0.5
-68 8
-67 15.5
-66 24
-65 26
-64 30
-63 33.5
-62 37.5
-61 43
-60 48
-59 50.5
-58 52
-57 55
-56 60
-55 67.5
-54 73
-53 71.5
-52 67.5
-51 66
-50 68
-49 69
-48 71
-47 71.5
-46 77.5
-45 79
-44 81.5
-43 87.5
-42 96
-41 100.5
-40 105
-39 106.5
-38 107.5
-37 111
-36 113
-35 110.5
-34 108
-33 111.5
-32 113
-31 113
-30 111.5
-29 114.5
-28 113
-27 117
-26 118
-25 117
-24 115
-23 120.5
-22 119.5
-21 119
-20 123
-19 128
-18 142
-17 143.5
-16 137.5
-15 135.5
-14 127.5
-13 125.5
-12 128
-11 127.5
-10 129.5
-9 133.5
-8 135.5
-7 136.5
-6 137
-5 135
-4 129
-3 121
-2 120.5
-1 112.5
0 106.5
1 104
2 89.5
3 85
4 79
5 90
6 90.5
7 92
8 101
9 107
10 108.5
11 110.5
12 121
13 125
14 136
15 135
16 135.5
17 130
18 126.5
19 119.5
20 117.5
21 100
22 95
23 97.5
24 98.5
25 99
26 98.5
27 103.5
28 108
29 107
30 105.5
31 104.5
32 104
33 109.5
34 108.5
35 103.5
36 109
37 111.5
38 119.5
39 122
40 124.5
41 130.5
42 131.5
43 141
44 131.5
45 133
46 128.5
47 125
48 118
49 115
50 113.5
51 104.5
52 94
53 92
54 87.5
55 85
56 87.5
57 87.5
58 84
59 84
60 90
61 84.5
62 81
63 71.5
64 70
65 70
66 72
67 71.5
68 75.5
69 83
70 92
71 107.5
72 115.5
73 116
74 117
75 118
76 116.5
77 110.5
78 102.5
79 99.5
80 94
81 84.5
82 81
83 80
84 74
85 67
86 57.5
87 50.5
88 45.5
89 41
90 31
91 31
92 30
93 29
94 26.5
95 25
96 22
97 21
98 19
99 16.5
100 14
101 14.5
102 12
103 9
104 9.5
105 6.5
106 5
107 4
108 3.5
109 1.5
110 1.5
111 0
112 0
#############################



### angle = 175.5
-112 0
-111 0
-110 0
-109 3
-108 5
-107 8
-106 9
-105 12
-104 14
-103 12
-102 14
-101 13.5
-100 18
-99 19
-98 22.5
-97 23
-96 30
-95 29.5
-94 34.5
-93 33
-92 34.5
-91 32
-90 34.5
-89 34
-88 34
-87 37
-86 36.5
-85 40
-84 37.5
-83 42
-82 39.5
-81 41
-80 40
-79 42
-78 43
-77 45.5
-76 47.5
-75 50
-74 53
-73 53.5
-72 52.5
-71 53
-70 53.5
-69 55.5
-68 55.5
-67 57
-66 58.5
-65 60
-64 56
-63 54.5
-62 51
-61 46
-60 51.5
-59 56
-58 62
-57 74.5
-56 83
-55 86.5
-54 86
-53 83.5
-52 78
-51 84.5
-50 86.5
-49 99.5
-48 96.5
-47 102.5
-46 104
-45 106.5
-44 110
-43 111.5
-42 113
-41 114
-40 117
-39 111.5
-38 114.5
-37 107
-36 113.5
-35 104
-34 112
-33 103
-32 103.5
-31 92.5
-30 89
-29 89.5
-28 87.5
-27 80
-26 75.5
-25 72
-24 67.5
-23 74.5
-22 71.5
-21 76.5
-20 85
-19 99
-18 103.5
-17 111
-16 109.5
-15 116
-14 119.5
-13 121
-12 124
-11 124.5
-10 123
-9 116.5
-8 117
-7 113.5
-6 106.5
-5 108
-4 106.5
-3 114.5
-2 114.5
-1 119
0 116.5
1 113.5
2 109
3 114
4 108.5
5 104.5
6 103.5
7 102.5
8 100
9 99
10 93.5
11 87
12 79.5
13 77
14 79
15 73.5
16 74
17 67.5
18 74
19 68
20 69
21 65.5
22 65.5
23 68
24 70
25 73.5
26 78.5
27 85.5
28 86.5
29 86.5
30 89
31 86
32 89.5
33 92
34 93.5
35 100
36 103.5
37 113.5
38 119.5
39 123
40 128
41 130
42 131.5
43 128.5
44 126
45 122.5
46 120
47 117
48 109.5
49 109.5
50 110
51 107.5
52 105
53 107
54 108.5
55 114.5
56 116
57 105.5
58 101
59 100
60 95
61 96.5
62 97.5
63 92.5
64 86.5
65 80.5
66 82.5
67 82
68 78.5
69 73.5
70 72.5
71 67.5
72 65.5
73 63
74 64.5
75 60
76 56.5
77 61.5
78 66.5
79 63
80 63.5
81 62
82 59.5
83 58
84 54.5
85 51
86 49
87 47
88 47
89 44
90 43
91 40
92 38
93 35
94 33
95 27
96 21
97 14.5
98 9.5
99 5.5
100 2
101 2
102 1
103 0
104 0
105 0
106 0
107 0
108 0
109 0
110 0
111 0
112 0
#############################



