2.120580e+02
2.123671e+02
2.119725e+02
2.116917e+02
2.113697e+02
2.112341e+02
2.107534e+02
2.110326e+02
2.103283e+02
2.099780e+02
2.098191e+02
2.104411e+02
2.095047e+02
2.098717e+02
2.092848e+02
2.094677e+02
2.090777e+02
2.089768e+02
2.093412e+02
2.088806e+02
2.084282e+02
2.077936e+02
2.079914e+02
2.079757e+02
2.073988e+02
2.070701e+02
2.071229e+02
2.071102e+02
2.064774e+02
2.064755e+02
2.064800e+02
2.059432e+02
2.061898e+02
2.059183e+02
2.058513e+02
2.060130e+02
2.055481e+02
2.054166e+02
2.053705e+02
2.049780e+02
2.052161e+02
2.044528e+02
2.043054e+02
2.043224e+02
2.044025e+02
2.041396e+02
2.040366e+02
2.035408e+02
2.036616e+02
2.035942e+02
2.031013e+02
2.032376e+02
2.033269e+02
2.029282e+02
2.030575e+02
2.025671e+02
2.024222e+02
2.025256e+02
2.021041e+02
2.022570e+02
2.018478e+02
2.021092e+02
2.019058e+02
2.016952e+02
2.016209e+02
2.015745e+02
2.013135e+02
2.011729e+02
2.010401e+02
2.013089e+02
2.008423e+02
2.008700e+02
2.004171e+02
2.005330e+02
2.007198e+02
2.005012e+02
2.005426e+02
2.001090e+02
2.001070e+02
1.995247e+02
1.999333e+02
2.001171e+02
1.995502e+02
1.996607e+02
1.994568e+02
1.991984e+02
1.992072e+02
1.990988e+02
1.990648e+02
1.989413e+02
1.986507e+02
1.987563e+02
1.987505e+02
1.984543e+02
1.981618e+02
1.983281e+02
1.983112e+02
1.981567e+02
1.980415e+02
1.980632e+02
1.978290e+02
1.976993e+02
1.978873e+02
1.976683e+02
1.977844e+02
1.974394e+02
1.974063e+02
1.974090e+02
1.969887e+02
1.970407e+02
1.968693e+02
1.967867e+02
1.970360e+02
1.968622e+02
1.967628e+02
1.967390e+02
1.965308e+02
1.966029e+02
1.966029e+02
1.963022e+02
1.962450e+02
1.964917e+02
1.963743e+02
1.961169e+02
1.960054e+02
1.961689e+02
1.959454e+02
1.957869e+02
1.958370e+02
1.956704e+02
1.957696e+02
1.955309e+02
1.956385e+02
1.955461e+02
1.954539e+02
1.952458e+02
1.953601e+02
1.952780e+02
1.950896e+02
1.951340e+02
1.949776e+02
1.949659e+02
1.948523e+02
1.947934e+02
1.946460e+02
1.946648e+02
1.945681e+02
1.947111e+02
1.945896e+02
1.945394e+02
1.944989e+02
1.944897e+02
1.942833e+02
1.943114e+02
1.943344e+02
1.943118e+02
1.941587e+02
1.940830e+02
1.939607e+02
1.940877e+02
1.939247e+02
1.939956e+02
1.937933e+02
1.938645e+02
1.939025e+02
1.937127e+02
1.937293e+02
1.936280e+02
1.935485e+02
1.933985e+02
1.934969e+02
1.934868e+02
1.933340e+02
1.933734e+02
1.932916e+02
1.931981e+02
1.931572e+02
1.931313e+02
1.930663e+02
1.930601e+02
1.930138e+02
1.930174e+02
1.929467e+02
1.929409e+02
1.928970e+02
1.928036e+02
1.927485e+02
1.927554e+02
1.927936e+02
1.926651e+02
1.926350e+02
1.926242e+02
1.925158e+02
1.925618e+02
1.925381e+02
1.924959e+02
1.924240e+02
1.924571e+02
1.923376e+02
1.923197e+02
1.922874e+02
1.922824e+02
1.922957e+02
1.921574e+02
1.921716e+02
1.921875e+02
1.920926e+02
1.921101e+02
1.920326e+02
1.920241e+02
1.919761e+02
1.919905e+02
1.919718e+02
1.918937e+02
1.918702e+02
1.918544e+02
1.918223e+02
1.917493e+02
1.916966e+02
1.916737e+02
1.916370e+02
1.916377e+02
1.916728e+02
1.916050e+02
1.916153e+02
1.915284e+02
1.916105e+02
1.915085e+02
1.914456e+02
1.914515e+02
1.913925e+02
1.913786e+02
1.913762e+02
1.913481e+02
1.913691e+02
1.913299e+02
1.912585e+02
1.912500e+02
1.912351e+02
1.911698e+02
1.912013e+02
1.911092e+02
1.911698e+02
1.911485e+02
1.911027e+02
1.910423e+02
1.910740e+02
1.910297e+02
1.910291e+02
1.910068e+02
1.909651e+02
1.909802e+02
1.908896e+02
1.908806e+02
1.908924e+02
1.908265e+02
1.908278e+02
1.908015e+02
1.907695e+02
1.908479e+02
1.907855e+02
1.907765e+02
1.907511e+02
1.907324e+02
1.907006e+02
1.907026e+02
1.906392e+02
1.906532e+02
1.906596e+02
1.905949e+02
1.906099e+02
1.905366e+02
1.905698e+02
1.905250e+02
1.905344e+02
1.905206e+02
1.905149e+02
1.904414e+02
1.904432e+02
1.904489e+02
1.904287e+02
1.904413e+02
1.903951e+02
1.904347e+02
1.903887e+02
1.903760e+02
1.903704e+02
1.903035e+02
1.902813e+02
1.902586e+02
1.903118e+02
1.902830e+02
1.902846e+02
1.902589e+02
1.902499e+02
1.902605e+02
1.902008e+02
1.901983e+02
1.901880e+02
1.901901e+02
1.901870e+02
1.901617e+02
1.901361e+02
1.901307e+02
1.901312e+02
1.901372e+02
1.901000e+02
1.900930e+02
1.900959e+02
1.900879e+02
1.900561e+02
1.900522e+02
1.900378e+02
1.900188e+02
1.900767e+02
1.900109e+02
1.900519e+02
1.899922e+02
1.899959e+02
1.899760e+02
1.899991e+02
1.900042e+02
1.899559e+02
1.899472e+02
1.899611e+02
1.899899e+02
1.899665e+02
1.899422e+02
1.899321e+02
1.899052e+02
1.899321e+02
1.899258e+02
1.899075e+02
1.899068e+02
1.898920e+02
1.898883e+02
1.898599e+02
1.898621e+02
1.898785e+02
1.898733e+02
1.898544e+02
1.898288e+02
1.898238e+02
1.898318e+02
1.898049e+02
1.898109e+02
1.897882e+02
1.898110e+02
1.898053e+02
1.897990e+02
1.897880e+02
1.897918e+02
1.898040e+02
1.897872e+02
1.897832e+02
1.897936e+02
1.897835e+02
1.897810e+02
1.897699e+02
1.897707e+02
1.897774e+02
1.897868e+02
1.897709e+02
1.897616e+02
1.897656e+02
1.897497e+02
1.897496e+02
1.897354e+02
1.897374e+02
1.897180e+02
1.897168e+02
1.897211e+02
1.897197e+02
1.897288e+02
1.897330e+02
1.897284e+02
1.897324e+02
1.897280e+02
1.897271e+02
1.897093e+02
1.897156e+02
1.897018e+02
1.897075e+02
1.897070e+02
1.896864e+02
1.896891e+02
1.896962e+02
1.897105e+02
1.897121e+02
1.896888e+02
1.897032e+02
1.897095e+02
1.897139e+02
1.897060e+02
1.897045e+02
1.896994e+02
1.896947e+02
1.896924e+02
1.897028e+02
1.897159e+02
