### angle = 0
-126 0.0463579
-125 0.0331128
-124 0.0132451
-123 0.0198677
-122 0.0264902
-121 0.0264902
-120 0.0264902
-119 0.0264902
-118 0.0198677
-117 0.0198677
-116 0.0198677
-115 0.0132451
-114 0.0264902
-113 0.0132451
-112 0.0198677
-111 0.0132451
-110 0.0132451
-109 0.0132451
-108 0.0264902
-107 0.0132451
-106 0.0198677
-105 0.0198677
-104 0.0331128
-103 0.0264902
-102 0.0198677
-101 0.0132451
-100 0.0264902
-99 0.00662256
-98 0.00662256
-97 0.0198677
-96 0.0331128
-95 0.0529805
-94 0.0529805
-93 0.0331128
-92 0.0529805
-91 0.0529805
-90 0.0662256
-89 0.0860933
-88 0.0927158
-87 0.0993384
-86 0.0860933
-85 0.0993384
-84 0.0993384
-83 0.0993384
-82 0.132451
-81 0.152319
-80 0.185432
-79 0.178809
-78 0.172187
-77 0.158941
-76 0.178809
-75 0.211922
-74 0.238412
-73 0.271525
-72 0.271525
-71 0.278148
-70 0.291393
-69 0.304638
-68 0.31126
-67 0.31126
-66 0.31126
-65 0.28477
-64 0.298015
-63 0.331128
-62 0.344373
-61 0.350996
-60 0.364241
-59 0.397354
-58 0.397354
-57 0.390731
-56 0.403976
-55 0.384108
-54 0.384108
-53 0.384108
-52 0.364241
-51 0.364241
-50 0.337751
-49 0.324505
-48 0.337751
-47 0.337751
-46 0.350996
-45 0.350996
-44 0.364241
-43 0.364241
-42 0.331128
-41 0.344373
-40 0.317883
-39 0.31126
-38 0.324505
-37 0.278148
-36 0.298015
-35 0.370863
-34 0.450334
-33 0.456957
-32 0.331128
-31 0.403976
-30 0.509937
-29 0.51656
-28 0.470202
-27 0.562918
-26 0.642388
-25 0.748349
-24 0.860933
-23 0.821197
-22 0.642388
-21 0.629143
-20 0.721859
-19 0.741727
-18 0.794707
-17 0.649011
-16 0.503315
-15 0.54305
-14 0.728482
-13 0.768217
-12 0.529805
-11 0.529805
-10 0.509937
-9 0.748349
-8 0.622521
-7 0.556295
-6 0.768217
-5 0.807952
-4 0.728482
-3 0.529805
-2 0.582785
-1 0.735104
0 0.695369
1 0.781462
2 0.649011
3 0.635766
4 0.708614
5 0.701991
6 0.655633
7 0.655633
8 0.708614
9 0.662256
10 0.642388
11 0.602653
12 0.56954
13 0.450334
14 0.476824
15 0.708614
16 0.768217
17 0.54305
18 0.708614
19 0.668879
20 0.662256
21 0.642388
22 0.649011
23 0.708614
24 0.688746
25 0.708614
26 0.741727
27 0.768217
28 0.701991
29 0.668879
30 0.635766
31 0.576163
32 0.589408
33 0.529805
34 0.509937
35 0.470202
36 0.463579
37 0.423844
38 0.397354
39 0.350996
40 0.31126
41 0.211922
42 0.225167
43 0.25828
44 0.25828
45 0.245035
46 0.25828
47 0.264902
48 0.271525
49 0.28477
50 0.28477
51 0.291393
52 0.28477
53 0.28477
54 0.271525
55 0.264902
56 0.278148
57 0.278148
58 0.271525
59 0.25828
60 0.251657
61 0.264902
62 0.25828
63 0.264902
64 0.245035
65 0.245035
66 0.251657
67 0.23179
68 0.238412
69 0.245035
70 0.205299
71 0.211922
72 0.211922
73 0.205299
74 0.192054
75 0.198677
76 0.192054
77 0.172187
78 0.172187
79 0.178809
80 0.178809
81 0.178809
82 0.158941
83 0.158941
84 0.165564
85 0.172187
86 0.145696
87 0.139074
88 0.145696
89 0.125829
90 0.132451
91 0.119206
92 0.105961
93 0.119206
94 0.119206
95 0.0993384
96 0.0860933
97 0.0860933
98 0.0728482
99 0.0728482
100 0.059603
101 0.0463579
102 0.059603
103 0.0397354
104 0.0397354
105 0.0397354
106 0.0331128
107 0.0198677
108 0.0198677
109 0.0264902
110 0.0264902
111 0.00662256
112 0.0264902
113 0.00662256
114 0.0264902
115 0.0132451
116 0.0331128
117 0.0198677
118 0.0264902
119 0.0198677
120 0.0264902
121 0.0132451
122 0.0264902
123 0.0331128
124 0.0397354
125 0.0331128
126 0
#############################



### angle = 6
-126 0.0132451
-125 0.0198677
-124 0.0132451
-123 0.0132451
-122 0.0132451
-121 0.0132451
-120 0.0198677
-119 0.0132451
-118 0.0198677
-117 0.0132451
-116 0.00662256
-115 0.0132451
-114 0.0132451
-113 0.0198677
-112 0.00662256
-111 0.00662256
-110 0.0132451
-109 0.00662256
-108 0.0198677
-107 0.0132451
-106 0.0132451
-105 0.00662256
-104 0.0264902
-103 0.0264902
-102 0.0331128
-101 0.0198677
-100 0.0132451
-99 0.0331128
-98 0.0264902
-97 0.0198677
-96 0.0264902
-95 0.0198677
-94 0.0331128
-93 0.0331128
-92 0.0198677
-91 0.0331128
-90 0.0264902
-89 0.0397354
-88 0.0529805
-87 0.0728482
-86 0.059603
-85 0.0794707
-84 0.0794707
-83 0.125829
-82 0.139074
-81 0.152319
-80 0.125829
-79 0.125829
-78 0.132451
-77 0.185432
-76 0.205299
-75 0.23179
-74 0.23179
-73 0.251657
-72 0.245035
-71 0.251657
-70 0.23179
-69 0.245035
-68 0.251657
-67 0.25828
-66 0.291393
-65 0.291393
-64 0.331128
-63 0.298015
-62 0.278148
-61 0.291393
-60 0.317883
-59 0.31126
-58 0.298015
-57 0.31126
-56 0.317883
-55 0.31126
-54 0.304638
-53 0.291393
-52 0.264902
-51 0.28477
-50 0.291393
-49 0.298015
-48 0.298015
-47 0.324505
-46 0.337751
-45 0.337751
-44 0.344373
-43 0.337751
-42 0.344373
-41 0.317883
-40 0.324505
-39 0.304638
-38 0.31126
-37 0.291393
-36 0.25828
-35 0.225167
-34 0.377486
-33 0.490069
-32 0.576163
-31 0.629143
-30 0.682124
-29 0.735104
-28 0.748349
-27 0.728482
-26 0.629143
-25 0.655633
-24 0.649011
-23 0.695369
-22 0.715236
-21 0.788085
-20 0.794707
-19 0.754972
-18 0.642388
-17 0.649011
-16 0.662256
-15 0.682124
-14 0.761594
-13 0.781462
-12 0.781462
-11 0.728482
-10 0.609276
-9 0.708614
-8 0.675501
-7 0.54305
-6 0.708614
-5 0.761594
-4 0.781462
-3 0.754972
-2 0.59603
-1 0.682124
0 0.920536
1 0.814575
2 0.562918
3 0.741727
4 0.807952
5 0.85431
6 0.794707
7 0.781462
8 0.721859
9 0.814575
10 0.834443
11 0.721859
12 0.721859
13 0.715236
14 0.688746
15 0.735104
16 0.635766
17 0.635766
18 0.549672
19 0.536427
20 0.556295
21 0.80133
22 0.741727
23 0.59603
24 0.708614
25 0.688746
26 0.695369
27 0.668879
28 0.728482
29 0.642388
30 0.814575
31 0.735104
32 0.662256
33 0.582785
34 0.443712
35 0.403976
36 0.205299
37 0.185432
38 0.211922
39 0.238412
40 0.251657
41 0.25828
42 0.251657
43 0.251657
44 0.278148
45 0.278148
46 0.271525
47 0.28477
48 0.28477
49 0.264902
50 0.251657
51 0.25828
52 0.251657
53 0.251657
54 0.271525
55 0.264902
56 0.271525
57 0.264902
58 0.218544
59 0.218544
60 0.218544
61 0.225167
62 0.198677
63 0.198677
64 0.192054
65 0.172187
66 0.172187
67 0.172187
68 0.172187
69 0.152319
70 0.165564
71 0.158941
72 0.145696
73 0.145696
74 0.139074
75 0.132451
76 0.139074
77 0.139074
78 0.145696
79 0.139074
80 0.165564
81 0.145696
82 0.152319
83 0.139074
84 0.152319
85 0.158941
86 0.152319
87 0.139074
88 0.132451
89 0.139074
90 0.132451
91 0.139074
92 0.119206
93 0.119206
94 0.112584
95 0.0993384
96 0.0993384
97 0.112584
98 0.105961
99 0.0993384
100 0.0728482
101 0.0794707
102 0.0927158
103 0.0728482
104 0.0463579
105 0.0264902
106 0.0264902
107 0.0264902
108 0.0397354
109 0.0264902
110 0.0198677
111 0.0198677
112 0.0264902
113 0.0198677
114 0.0264902
115 0.0198677
116 0.00662256
117 0.0198677
118 0.0132451
119 0.0198677
120 0.0132451
121 0.0264902
122 0.0198677
123 0.0198677
124 0.0264902
125 0.0198677
126 2.60209e-17
#############################



### angle = 12
-126 0.00662256
-125 0.0132451
-124 0.00662256
-123 0.00662256
-122 0.0132451
-121 0.0132451
-120 0.0132451
-119 0.0264902
-118 0.0198677
-117 0.0132451
-116 0.00662256
-115 0.0132451
-114 0.0132451
-113 0.0198677
-112 0.0198677
-111 0.0132451
-110 0.0132451
-109 0.0132451
-108 0.0132451
-107 0.00662256
-106 0.00662256
-105 0.00662256
-104 0.0198677
-103 0.0132451
-102 0.0198677
-101 0.0264902
-100 0.0198677
-99 0.0132451
-98 0.0331128
-97 0.0198677
-96 0.0264902
-95 0.0198677
-94 0.0264902
-93 0.0198677
-92 0.0264902
-91 0.0132451
-90 0.0264902
-89 0.0331128
-88 0.0264902
-87 0.0198677
-86 0.0397354
-85 0.0397354
-84 0.0529805
-83 0.059603
-82 0.0728482
-81 0.0662256
-80 0.0794707
-79 0.119206
-78 0.119206
-77 0.145696
-76 0.178809
-75 0.172187
-74 0.172187
-73 0.185432
-72 0.178809
-71 0.198677
-70 0.218544
-69 0.211922
-68 0.225167
-67 0.251657
-66 0.271525
-65 0.264902
-64 0.264902
-63 0.278148
-62 0.264902
-61 0.304638
-60 0.291393
-59 0.298015
-58 0.291393
-57 0.278148
-56 0.291393
-55 0.25828
-54 0.251657
-53 0.25828
-52 0.25828
-51 0.278148
-50 0.271525
-49 0.278148
-48 0.304638
-47 0.298015
-46 0.298015
-45 0.298015
-44 0.350996
-43 0.403976
-42 0.403976
-41 0.403976
-40 0.437089
-39 0.463579
-38 0.490069
-37 0.509937
-36 0.509937
-35 0.529805
-34 0.529805
-33 0.589408
-32 0.582785
-31 0.59603
-30 0.609276
-29 0.668879
-28 0.662256
-27 0.682124
-26 0.728482
-25 0.602653
-24 0.615898
-23 0.728482
-22 0.708614
-21 0.629143
-20 0.708614
-19 0.735104
-18 0.807952
-17 0.814575
-16 0.867555
-15 0.847688
-14 0.768217
-13 0.688746
-12 0.635766
-11 0.701991
-10 0.695369
-9 0.814575
-8 0.80133
-7 0.794707
-6 0.728482
-5 0.761594
-4 0.768217
-3 0.688746
-2 0.582785
-1 0.509937
0 0.913913
1 0.841065
2 0.668879
3 0.682124
4 0.807952
5 0.748349
6 0.80133
7 0.715236
8 0.642388
9 0.794707
10 0.82782
11 0.748349
12 0.788085
13 0.662256
14 0.735104
15 0.77484
16 0.728482
17 0.781462
18 0.695369
19 0.721859
20 0.728482
21 0.655633
22 0.556295
23 0.582785
24 0.509937
25 0.430466
26 0.59603
27 0.675501
28 0.576163
29 0.615898
30 0.56954
31 0.562918
32 0.509937
33 0.490069
34 0.463579
35 0.483447
36 0.344373
37 0.503315
38 0.417221
39 0.423844
40 0.357618
41 0.357618
42 0.304638
43 0.271525
44 0.211922
45 0.211922
46 0.238412
47 0.238412
48 0.245035
49 0.264902
50 0.251657
51 0.264902
52 0.25828
53 0.25828
54 0.245035
55 0.238412
56 0.23179
57 0.225167
58 0.238412
59 0.218544
60 0.218544
61 0.192054
62 0.192054
63 0.185432
64 0.158941
65 0.165564
66 0.178809
67 0.165564
68 0.158941
69 0.165564
70 0.158941
71 0.139074
72 0.139074
73 0.132451
74 0.145696
75 0.152319
76 0.132451
77 0.145696
78 0.139074
79 0.139074
80 0.145696
81 0.132451
82 0.139074
83 0.139074
84 0.132451
85 0.132451
86 0.125829
87 0.152319
88 0.145696
89 0.139074
90 0.145696
91 0.139074
92 0.145696
93 0.145696
94 0.132451
95 0.125829
96 0.119206
97 0.125829
98 0.0993384
99 0.0993384
100 0.105961
101 0.0860933
102 0.0794707
103 0.0662256
104 0.0529805
105 0.0264902
106 0.0198677
107 0.0264902
108 0.0331128
109 0.0132451
110 0.0331128
111 0.0198677
112 0.0331128
113 0.0132451
114 0.0264902
115 0.0198677
116 0.00662256
117 0.0132451
118 0.0132451
119 0.00662256
120 0.00662256
121 0.0132451
122 0.00662256
123 2.60209e-17
124 0.00662256
125 2.60209e-17
126 2.60209e-17
#############################



### angle = 18
-126 2.60209e-17
-125 2.60209e-17
-124 2.60209e-17
-123 2.60209e-17
-122 2.60209e-17
-121 0.0132451
-120 0.00662256
-119 0.0132451
-118 0.00662256
-117 0.0198677
-116 0.0132451
-115 0.00662256
-114 0.0132451
-113 0.0198677
-112 0.0132451
-111 0.0132451
-110 0.0132451
-109 0.0132451
-108 0.00662256
-107 2.60209e-17
-106 0.00662256
-105 2.60209e-17
-104 0.0132451
-103 0.0198677
-102 0.0331128
-101 0.0264902
-100 0.0132451
-99 0.0264902
-98 0.0264902
-97 0.0264902
-96 0.0198677
-95 0.0264902
-94 0.0198677
-93 0.0264902
-92 0.0198677
-91 0.0264902
-90 0.0264902
-89 0.0331128
-88 0.0132451
-87 0.0264902
-86 0.0264902
-85 0.0198677
-84 0.0198677
-83 0.0331128
-82 0.0397354
-81 0.0860933
-80 0.0662256
-79 0.0860933
-78 0.125829
-77 0.119206
-76 0.112584
-75 0.119206
-74 0.165564
-73 0.139074
-72 0.172187
-71 0.185432
-70 0.178809
-69 0.192054
-68 0.251657
-67 0.211922
-66 0.225167
-65 0.225167
-64 0.23179
-63 0.264902
-62 0.271525
-61 0.28477
-60 0.28477
-59 0.264902
-58 0.245035
-57 0.23179
-56 0.198677
-55 0.185432
-54 0.218544
-53 0.271525
-52 0.304638
-51 0.31126
-50 0.31126
-49 0.364241
-48 0.390731
-47 0.384108
-46 0.410599
-45 0.437089
-44 0.456957
-43 0.456957
-42 0.450334
-41 0.437089
-40 0.437089
-39 0.463579
-38 0.476824
-37 0.51656
-36 0.523182
-35 0.54305
-34 0.582785
-33 0.602653
-32 0.615898
-31 0.655633
-30 0.649011
-29 0.668879
-28 0.642388
-27 0.655633
-26 0.675501
-25 0.708614
-24 0.721859
-23 0.735104
-22 0.77484
-21 0.59603
-20 0.688746
-19 0.781462
-18 0.874178
-17 0.682124
-16 0.589408
-15 0.721859
-14 0.794707
-13 0.814575
-12 0.900668
-11 0.85431
-10 0.781462
-9 0.761594
-8 0.695369
-7 0.761594
-6 0.781462
-5 0.77484
-4 0.814575
-3 0.847688
-2 0.788085
-1 0.82782
0 0.788085
1 0.735104
2 0.708614
3 0.635766
4 0.754972
5 0.821197
6 0.675501
7 0.602653
8 0.675501
9 0.728482
10 0.655633
11 0.847688
12 0.860933
13 0.635766
14 0.655633
15 0.715236
16 0.708614
17 0.649011
18 0.635766
19 0.715236
20 0.675501
21 0.728482
22 0.602653
23 0.562918
24 0.609276
25 0.662256
26 0.523182
27 0.51656
28 0.437089
29 0.417221
30 0.364241
31 0.496692
32 0.523182
33 0.403976
34 0.456957
35 0.370863
36 0.476824
37 0.456957
38 0.397354
39 0.417221
40 0.344373
41 0.377486
42 0.417221
43 0.271525
44 0.357618
45 0.31126
46 0.298015
47 0.298015
48 0.271525
49 0.264902
50 0.192054
51 0.205299
52 0.205299
53 0.205299
54 0.211922
55 0.205299
56 0.198677
57 0.211922
58 0.211922
59 0.211922
60 0.192054
61 0.178809
62 0.198677
63 0.178809
64 0.192054
65 0.178809
66 0.165564
67 0.172187
68 0.172187
69 0.165564
70 0.178809
71 0.158941
72 0.172187
73 0.172187
74 0.165564
75 0.172187
76 0.158941
77 0.158941
78 0.152319
79 0.165564
80 0.158941
81 0.172187
82 0.158941
83 0.152319
84 0.152319
85 0.152319
86 0.152319
87 0.152319
88 0.152319
89 0.132451
90 0.158941
91 0.145696
92 0.152319
93 0.132451
94 0.132451
95 0.125829
96 0.139074
97 0.105961
98 0.125829
99 0.105961
100 0.0927158
101 0.0993384
102 0.0860933
103 0.0860933
104 0.0794707
105 0.059603
106 0.0331128
107 0.0463579
108 0.00662256
109 0.0132451
110 0.0198677
111 2.60209e-17
112 0.00662256
113 0.00662256
114 2.60209e-17
115 2.60209e-17
116 0.00662256
117 0.0198677
118 2.60209e-17
119 0.0132451
120 0.0198677
121 0.0198677
122 0.0198677
123 0.00662256
124 2.60209e-17
125 2.60209e-17
126 2.60209e-17
#############################



### angle = 24
-126 2.60209e-17
-125 1.21431e-17
-124 0.00662256
-123 0.00662256
-122 2.60209e-17
-121 2.60209e-17
-120 0.00662256
-119 0.0264902
-118 0.0132451
-117 0.00662256
-116 0.0132451
-115 1.21431e-17
-114 0.00662256
-113 0.00662256
-112 0.00662256
-111 0.0198677
-110 0.0132451
-109 2.60209e-17
-108 0.00662256
-107 0.00662256
-106 0.0198677
-105 0.0198677
-104 0.0397354
-103 0.0264902
-102 0.0397354
-101 0.0264902
-100 0.0198677
-99 0.0264902
-98 0.0198677
-97 0.0264902
-96 0.0264902
-95 0.0397354
-94 0.0397354
-93 0.0397354
-92 0.0397354
-91 0.0198677
-90 0.0198677
-89 0.0264902
-88 0.0264902
-87 0.0132451
-86 0.0198677
-85 2.60209e-17
-84 2.60209e-17
-83 0.0463579
-82 0.0529805
-81 0.059603
-80 0.0860933
-79 0.0662256
-78 0.105961
-77 0.105961
-76 0.105961
-75 0.0993384
-74 0.105961
-73 0.105961
-72 0.119206
-71 0.139074
-70 0.165564
-69 0.152319
-68 0.172187
-67 0.172187
-66 0.185432
-65 0.158941
-64 0.218544
-63 0.238412
-62 0.264902
-61 0.25828
-60 0.264902
-59 0.278148
-58 0.271525
-57 0.271525
-56 0.271525
-55 0.245035
-54 0.291393
-53 0.337751
-52 0.337751
-51 0.331128
-50 0.344373
-49 0.370863
-48 0.390731
-47 0.397354
-46 0.417221
-45 0.456957
-44 0.430466
-43 0.450334
-42 0.443712
-41 0.430466
-40 0.456957
-39 0.456957
-38 0.456957
-37 0.536427
-36 0.54305
-35 0.582785
-34 0.602653
-33 0.635766
-32 0.622521
-31 0.635766
-30 0.629143
-29 0.642388
-28 0.655633
-27 0.662256
-26 0.682124
-25 0.708614
-24 0.695369
-23 0.748349
-22 0.735104
-21 0.741727
-20 0.761594
-19 0.77484
-18 0.814575
-17 0.609276
-16 0.629143
-15 0.80133
-14 0.966894
-13 0.834443
-12 0.622521
-11 0.741727
-10 0.781462
-9 0.913913
-8 0.900668
-7 0.814575
-6 0.85431
-5 0.80133
-4 0.781462
-3 0.701991
-2 0.735104
-1 0.781462
0 0.794707
1 0.82782
2 0.821197
3 0.80133
4 0.80133
5 0.735104
6 0.728482
7 0.682124
8 0.695369
9 0.834443
10 0.735104
11 0.701991
12 0.490069
13 0.509937
14 0.56954
15 0.708614
16 0.701991
17 0.642388
18 0.662256
19 0.748349
20 0.642388
21 0.582785
22 0.59603
23 0.576163
24 0.576163
25 0.615898
26 0.56954
27 0.470202
28 0.562918
29 0.622521
30 0.476824
31 0.403976
32 0.463579
33 0.331128
34 0.324505
35 0.28477
36 0.437089
37 0.430466
38 0.463579
39 0.384108
40 0.324505
41 0.31126
42 0.397354
43 0.397354
44 0.331128
45 0.298015
46 0.324505
47 0.278148
48 0.317883
49 0.304638
50 0.23179
51 0.291393
52 0.264902
53 0.245035
54 0.23179
55 0.225167
56 0.172187
57 0.152319
58 0.172187
59 0.178809
60 0.158941
61 0.165564
62 0.158941
63 0.158941
64 0.165564
65 0.158941
66 0.165564
67 0.158941
68 0.145696
69 0.152319
70 0.158941
71 0.152319
72 0.152319
73 0.152319
74 0.158941
75 0.178809
76 0.165564
77 0.152319
78 0.158941
79 0.172187
80 0.158941
81 0.158941
82 0.158941
83 0.145696
84 0.139074
85 0.152319
86 0.145696
87 0.139074
88 0.139074
89 0.152319
90 0.132451
91 0.139074
92 0.145696
93 0.132451
94 0.139074
95 0.125829
96 0.125829
97 0.125829
98 0.132451
99 0.139074
100 0.132451
101 0.139074
102 0.125829
103 0.119206
104 0.139074
105 0.0993384
106 0.0728482
107 0.0198677
108 0.00662256
109 0.00662256
110 0.0132451
111 0.0132451
112 0.00662256
113 0.0132451
114 0.0132451
115 0.0132451
116 0.0198677
117 0.0198677
118 0.0264902
119 0.0198677
120 0.0198677
121 0.0198677
122 0.00662256
123 0.00662256
124 2.60209e-17
125 2.60209e-17
126 2.60209e-17
#############################



### angle = 30
-126 0.00662256
-125 0.0132451
-124 0.0132451
-123 0.00662256
-122 0.0331128
-121 0.0397354
-120 0.0198677
-119 0.0331128
-118 0.0198677
-117 0.0264902
-116 0.0132451
-115 0.0132451
-114 0.0198677
-113 0.0132451
-112 0.0198677
-111 0.0132451
-110 0.0132451
-109 0.00662256
-108 0.0132451
-107 0.00662256
-106 0.0198677
-105 0.00662256
-104 0.00662256
-103 0.0198677
-102 0.0132451
-101 0.0198677
-100 0.0132451
-99 0.00662256
-98 0.0198677
-97 0.0264902
-96 0.0264902
-95 0.0132451
-94 0.0264902
-93 0.0132451
-92 0.0331128
-91 0.0264902
-90 0.0264902
-89 0.0331128
-88 0.0331128
-87 0.0331128
-86 0.0331128
-85 0.0264902
-84 0.0397354
-83 0.0463579
-82 0.059603
-81 0.0860933
-80 0.0927158
-79 0.0927158
-78 0.105961
-77 0.105961
-76 0.119206
-75 0.125829
-74 0.0927158
-73 0.0794707
-72 0.0993384
-71 0.178809
-70 0.165564
-69 0.178809
-68 0.185432
-67 0.198677
-66 0.205299
-65 0.211922
-64 0.218544
-63 0.225167
-62 0.225167
-61 0.23179
-60 0.225167
-59 0.218544
-58 0.211922
-57 0.23179
-56 0.245035
-55 0.264902
-54 0.271525
-53 0.304638
-52 0.331128
-51 0.337751
-50 0.337751
-49 0.377486
-48 0.390731
-47 0.384108
-46 0.384108
-45 0.370863
-44 0.390731
-43 0.377486
-42 0.384108
-41 0.397354
-40 0.437089
-39 0.523182
-38 0.529805
-37 0.56954
-36 0.602653
-35 0.615898
-34 0.602653
-33 0.615898
-32 0.635766
-31 0.635766
-30 0.655633
-29 0.682124
-28 0.668879
-27 0.675501
-26 0.715236
-25 0.728482
-24 0.708614
-23 0.715236
-22 0.715236
-21 0.721859
-20 0.768217
-19 0.754972
-18 0.761594
-17 0.754972
-16 0.788085
-15 0.80133
-14 0.807952
-13 0.688746
-12 0.556295
-11 0.8808
-10 0.874178
-9 0.894046
-8 0.761594
-7 0.635766
-6 0.794707
-5 0.715236
-4 0.860933
-3 0.867555
-2 0.874178
-1 0.77484
0 0.754972
1 0.721859
2 0.668879
3 0.688746
4 0.728482
5 0.82782
6 0.821197
7 0.82782
8 0.715236
9 0.735104
10 0.748349
11 0.788085
12 0.708614
13 0.834443
14 0.781462
15 0.609276
16 0.529805
17 0.403976
18 0.56954
19 0.662256
20 0.503315
21 0.56954
22 0.642388
23 0.715236
24 0.602653
25 0.59603
26 0.662256
27 0.576163
28 0.51656
29 0.536427
30 0.51656
31 0.403976
32 0.410599
33 0.456957
34 0.463579
35 0.357618
36 0.450334
37 0.23179
38 0.245035
39 0.31126
40 0.344373
41 0.384108
42 0.304638
43 0.31126
44 0.31126
45 0.350996
46 0.31126
47 0.218544
48 0.331128
49 0.28477
50 0.298015
51 0.238412
52 0.25828
53 0.245035
54 0.192054
55 0.198677
56 0.218544
57 0.23179
58 0.23179
59 0.198677
60 0.178809
61 0.192054
62 0.152319
63 0.139074
64 0.139074
65 0.132451
66 0.152319
67 0.139074
68 0.139074
69 0.158941
70 0.139074
71 0.112584
72 0.152319
73 0.139074
74 0.132451
75 0.139074
76 0.125829
77 0.152319
78 0.132451
79 0.145696
80 0.145696
81 0.139074
82 0.152319
83 0.132451
84 0.139074
85 0.145696
86 0.125829
87 0.119206
88 0.139074
89 0.132451
90 0.132451
91 0.139074
92 0.139074
93 0.145696
94 0.145696
95 0.158941
96 0.125829
97 0.158941
98 0.145696
99 0.152319
100 0.132451
101 0.139074
102 0.152319
103 0.139074
104 0.112584
105 0.119206
106 0.0860933
107 0.0529805
108 0.0397354
109 0.0264902
110 0.0132451
111 0.0132451
112 0.0132451
113 0.0198677
114 0.0264902
115 0.0331128
116 0.0264902
117 0.0397354
118 0.0397354
119 0.0463579
120 0.0463579
121 0.0331128
122 0.0331128
123 0.0198677
124 0.0198677
125 0.0132451
126 0.0198677
#############################



### angle = 36
-126 0.0132451
-125 0.00662256
-124 0.0198677
-123 0.0264902
-122 0.0198677
-121 0.0132451
-120 0.0132451
-119 0.0132451
-118 0.0198677
-117 0.0132451
-116 0.0198677
-115 0.00662256
-114 0.00662256
-113 0.0198677
-112 0.00662256
-111 0.0132451
-110 0.00662256
-109 0.0198677
-108 0.00662256
-107 0.0198677
-106 0.0198677
-105 0.0198677
-104 0.0132451
-103 0.0198677
-102 0.0198677
-101 0.00662256
-100 0.0132451
-99 0.0132451
-98 0.0198677
-97 0.0132451
-96 0.0264902
-95 0.0264902
-94 0.0264902
-93 0.0264902
-92 0.0264902
-91 0.0397354
-90 0.0463579
-89 0.0331128
-88 0.0397354
-87 0.0198677
-86 0.0331128
-85 0.0397354
-84 0.0463579
-83 0.0662256
-82 0.0794707
-81 0.0927158
-80 0.0860933
-79 0.0927158
-78 0.0993384
-77 0.0993384
-76 0.152319
-75 0.165564
-74 0.198677
-73 0.218544
-72 0.198677
-71 0.245035
-70 0.251657
-69 0.245035
-68 0.245035
-67 0.251657
-66 0.25828
-65 0.25828
-64 0.278148
-63 0.278148
-62 0.25828
-61 0.25828
-60 0.225167
-59 0.245035
-58 0.245035
-57 0.218544
-56 0.192054
-55 0.211922
-54 0.25828
-53 0.28477
-52 0.278148
-51 0.298015
-50 0.291393
-49 0.31126
-48 0.331128
-47 0.304638
-46 0.31126
-45 0.304638
-44 0.291393
-43 0.31126
-42 0.324505
-41 0.384108
-40 0.437089
-39 0.490069
-38 0.523182
-37 0.536427
-36 0.582785
-35 0.589408
-34 0.589408
-33 0.615898
-32 0.655633
-31 0.649011
-30 0.688746
-29 0.701991
-28 0.701991
-27 0.701991
-26 0.688746
-25 0.682124
-24 0.708614
-23 0.688746
-22 0.728482
-21 0.721859
-20 0.735104
-19 0.721859
-18 0.754972
-17 0.735104
-16 0.754972
-15 0.754972
-14 0.761594
-13 0.761594
-12 0.768217
-11 0.794707
-10 0.821197
-9 0.635766
-8 0.662256
-7 0.708614
-6 0.894046
-5 0.821197
-4 0.894046
-3 0.602653
-2 0.562918
-1 0.695369
0 0.675501
1 0.82782
2 0.77484
3 0.781462
4 0.728482
5 0.721859
6 0.701991
7 0.695369
8 0.695369
9 0.695369
10 0.82782
11 0.82782
12 0.741727
13 0.668879
14 0.688746
15 0.715236
16 0.735104
17 0.748349
18 0.821197
19 0.662256
20 0.51656
21 0.417221
22 0.483447
23 0.582785
24 0.556295
25 0.483447
26 0.430466
27 0.582785
28 0.56954
29 0.496692
30 0.509937
31 0.549672
32 0.622521
33 0.576163
34 0.397354
35 0.251657
36 0.410599
37 0.443712
38 0.364241
39 0.390731
40 0.172187
41 0.152319
42 0.23179
43 0.304638
44 0.423844
45 0.264902
46 0.25828
47 0.245035
48 0.25828
49 0.238412
50 0.23179
51 0.245035
52 0.264902
53 0.245035
54 0.185432
55 0.198677
56 0.172187
57 0.225167
58 0.205299
59 0.152319
60 0.211922
61 0.225167
62 0.198677
63 0.23179
64 0.23179
65 0.225167
66 0.165564
67 0.145696
68 0.132451
69 0.132451
70 0.132451
71 0.145696
72 0.158941
73 0.152319
74 0.158941
75 0.145696
76 0.145696
77 0.139074
78 0.158941
79 0.139074
80 0.145696
81 0.145696
82 0.145696
83 0.152319
84 0.172187
85 0.145696
86 0.145696
87 0.152319
88 0.139074
89 0.139074
90 0.145696
91 0.152319
92 0.165564
93 0.172187
94 0.172187
95 0.165564
96 0.165564
97 0.178809
98 0.158941
99 0.152319
100 0.132451
101 0.119206
102 0.119206
103 0.112584
104 0.0993384
105 0.0993384
106 0.0728482
107 0.0728482
108 0.0529805
109 0.0397354
110 0.0331128
111 0.0331128
112 0.0331128
113 0.0331128
114 0.0331128
115 0.0331128
116 0.0264902
117 0.0331128
118 0.0331128
119 0.0397354
120 0.0463579
121 0.0397354
122 0.0264902
123 0.0264902
124 0.0132451
125 0.0198677
126 0.0331128
#############################



### angle = 42
-126 0.0198677
-125 0.0198677
-124 0.0198677
-123 0.0132451
-122 0.0198677
-121 0.00662256
-120 0.0198677
-119 0.0132451
-118 0.0132451
-117 0.00662256
-116 0.0198677
-115 0.00662256
-114 0.0132451
-113 0.0132451
-112 0.00662256
-111 0.0132451
-110 0.00662256
-109 0.0132451
-108 0.0198677
-107 0.0198677
-106 0.0198677
-105 0.0198677
-104 0.00662256
-103 0.0198677
-102 0.0198677
-101 0.0198677
-100 0.0198677
-99 0.0198677
-98 0.0198677
-97 0.0264902
-96 0.0198677
-95 0.0264902
-94 0.0264902
-93 0.0264902
-92 0.0264902
-91 0.0397354
-90 0.0264902
-89 0.0198677
-88 0.0331128
-87 0.0264902
-86 0.0662256
-85 0.059603
-84 0.0529805
-83 0.105961
-82 0.0927158
-81 0.125829
-80 0.125829
-79 0.172187
-78 0.139074
-77 0.139074
-76 0.172187
-75 0.172187
-74 0.178809
-73 0.165564
-72 0.225167
-71 0.278148
-70 0.291393
-69 0.31126
-68 0.324505
-67 0.331128
-66 0.317883
-65 0.298015
-64 0.337751
-63 0.357618
-62 0.364241
-61 0.370863
-60 0.337751
-59 0.377486
-58 0.350996
-57 0.344373
-56 0.350996
-55 0.28477
-54 0.304638
-53 0.317883
-52 0.331128
-51 0.337751
-50 0.324505
-49 0.317883
-48 0.337751
-47 0.31126
-46 0.298015
-45 0.291393
-44 0.31126
-43 0.324505
-42 0.317883
-41 0.337751
-40 0.417221
-39 0.476824
-38 0.509937
-37 0.556295
-36 0.576163
-35 0.615898
-34 0.642388
-33 0.655633
-32 0.629143
-31 0.655633
-30 0.629143
-29 0.649011
-28 0.649011
-27 0.662256
-26 0.622521
-25 0.649011
-24 0.635766
-23 0.655633
-22 0.649011
-21 0.662256
-20 0.642388
-19 0.655633
-18 0.655633
-17 0.675501
-16 0.668879
-15 0.668879
-14 0.668879
-13 0.682124
-12 0.655633
-11 0.662256
-10 0.655633
-9 0.675501
-8 0.668879
-7 0.662256
-6 0.708614
-5 0.589408
-4 0.576163
-3 0.529805
-2 0.721859
-1 0.77484
0 0.655633
1 0.642388
2 0.562918
3 0.562918
4 0.602653
5 0.629143
6 0.715236
7 0.741727
8 0.675501
9 0.655633
10 0.589408
11 0.589408
12 0.622521
13 0.536427
14 0.675501
15 0.77484
16 0.682124
17 0.59603
18 0.642388
19 0.615898
20 0.635766
21 0.635766
22 0.788085
23 0.662256
24 0.384108
25 0.437089
26 0.602653
27 0.622521
28 0.503315
29 0.503315
30 0.437089
31 0.463579
32 0.503315
33 0.390731
34 0.470202
35 0.523182
36 0.443712
37 0.430466
38 0.423844
39 0.410599
40 0.423844
41 0.324505
42 0.28477
43 0.165564
44 0.198677
45 0.205299
46 0.331128
47 0.245035
48 0.337751
49 0.291393
50 0.271525
51 0.298015
52 0.28477
53 0.298015
54 0.278148
55 0.324505
56 0.245035
57 0.317883
58 0.350996
59 0.278148
60 0.152319
61 0.172187
62 0.205299
63 0.278148
64 0.172187
65 0.271525
66 0.25828
67 0.218544
68 0.225167
69 0.238412
70 0.238412
71 0.185432
72 0.165564
73 0.172187
74 0.172187
75 0.178809
76 0.185432
77 0.198677
78 0.178809
79 0.178809
80 0.192054
81 0.178809
82 0.185432
83 0.185432
84 0.192054
85 0.165564
86 0.192054
87 0.192054
88 0.158941
89 0.192054
90 0.178809
91 0.172187
92 0.185432
93 0.172187
94 0.158941
95 0.145696
96 0.112584
97 0.132451
98 0.132451
99 0.105961
100 0.112584
101 0.112584
102 0.105961
103 0.112584
104 0.0860933
105 0.059603
106 0.0529805
107 0.0331128
108 0.0331128
109 0.0331128
110 0.0264902
111 0.0331128
112 0.0331128
113 0.0264902
114 0.0198677
115 0.0132451
116 0.0264902
117 0.00662256
118 0.00662256
119 0.0198677
120 0.00662256
121 0.0132451
122 0.0132451
123 2.60209e-17
124 0.0132451
125 0.0331128
126 0.00662256
#############################



### angle = 48
-126 2.60209e-17
-125 0.00662256
-124 1.21431e-17
-123 2.60209e-17
-122 1.21431e-17
-121 0.00662256
-120 2.60209e-17
-119 2.60209e-17
-118 1.21431e-17
-117 0.0132451
-116 0.0132451
-115 2.60209e-17
-114 0.00662256
-113 0.00662256
-112 0.0132451
-111 0.0132451
-110 0.00662256
-109 0.0331128
-108 0.0132451
-107 0.00662256
-106 2.60209e-17
-105 0.00662256
-104 0.0198677
-103 0.0132451
-102 0.0198677
-101 0.0132451
-100 0.0132451
-99 0.0198677
-98 0.0132451
-97 0.0132451
-96 0.0132451
-95 0.00662256
-94 0.0132451
-93 0.00662256
-92 0.0331128
-91 0.0331128
-90 0.0264902
-89 0.0397354
-88 0.0331128
-87 0.0728482
-86 0.0728482
-85 0.0728482
-84 0.0794707
-83 0.0993384
-82 0.125829
-81 0.145696
-80 0.145696
-79 0.178809
-78 0.198677
-77 0.205299
-76 0.205299
-75 0.198677
-74 0.23179
-73 0.23179
-72 0.251657
-71 0.278148
-70 0.291393
-69 0.31126
-68 0.350996
-67 0.364241
-66 0.390731
-65 0.403976
-64 0.443712
-63 0.450334
-62 0.437089
-61 0.437089
-60 0.430466
-59 0.463579
-58 0.470202
-57 0.450334
-56 0.490069
-55 0.463579
-54 0.430466
-53 0.450334
-52 0.470202
-51 0.463579
-50 0.456957
-49 0.437089
-48 0.430466
-47 0.423844
-46 0.410599
-45 0.410599
-44 0.417221
-43 0.403976
-42 0.410599
-41 0.437089
-40 0.470202
-39 0.456957
-38 0.456957
-37 0.483447
-36 0.509937
-35 0.54305
-34 0.536427
-33 0.54305
-32 0.549672
-31 0.549672
-30 0.529805
-29 0.549672
-28 0.536427
-27 0.536427
-26 0.556295
-25 0.523182
-24 0.556295
-23 0.54305
-22 0.523182
-21 0.582785
-20 0.582785
-19 0.576163
-18 0.576163
-17 0.562918
-16 0.589408
-15 0.576163
-14 0.576163
-13 0.582785
-12 0.56954
-11 0.562918
-10 0.562918
-9 0.576163
-8 0.549672
-7 0.56954
-6 0.556295
-5 0.556295
-4 0.562918
-3 0.582785
-2 0.59603
-1 0.562918
0 0.51656
1 0.476824
2 0.576163
3 0.556295
4 0.582785
5 0.642388
6 0.556295
7 0.456957
8 0.463579
9 0.56954
10 0.56954
11 0.642388
12 0.59603
13 0.536427
14 0.529805
15 0.437089
16 0.523182
17 0.423844
18 0.503315
19 0.615898
20 0.562918
21 0.496692
22 0.523182
23 0.523182
24 0.51656
25 0.490069
26 0.529805
27 0.523182
28 0.523182
29 0.350996
30 0.523182
31 0.536427
32 0.397354
33 0.417221
34 0.384108
35 0.331128
36 0.423844
37 0.582785
38 0.582785
39 0.54305
40 0.437089
41 0.430466
42 0.509937
43 0.576163
44 0.59603
45 0.430466
46 0.403976
47 0.350996
48 0.165564
49 0.357618
50 0.370863
51 0.490069
52 0.430466
53 0.31126
54 0.331128
55 0.357618
56 0.390731
57 0.476824
58 0.357618
59 0.357618
60 0.357618
61 0.364241
62 0.390731
63 0.377486
64 0.390731
65 0.218544
66 0.178809
67 0.23179
68 0.245035
69 0.291393
70 0.304638
71 0.291393
72 0.298015
73 0.238412
74 0.245035
75 0.264902
76 0.205299
77 0.205299
78 0.205299
79 0.198677
80 0.205299
81 0.185432
82 0.198677
83 0.198677
84 0.185432
85 0.185432
86 0.172187
87 0.178809
88 0.165564
89 0.152319
90 0.145696
91 0.132451
92 0.139074
93 0.119206
94 0.119206
95 0.112584
96 0.105961
97 0.105961
98 0.0993384
99 0.0927158
100 0.0662256
101 0.0662256
102 0.0463579
103 0.0331128
104 0.0331128
105 0.0132451
106 2.60209e-17
107 2.60209e-17
108 0.0331128
109 0.00662256
110 0.00662256
111 5.37764e-17
112 0.0132451
113 0.0198677
114 0.00662256
115 0.00662256
116 0.00662256
117 2.60209e-17
118 2.60209e-17
119 2.60209e-17
120 2.60209e-17
121 2.60209e-17
122 2.60209e-17
123 2.60209e-17
124 0.00662256
125 0.00662256
126 0.0132451
#############################



### angle = 54
-126 0.00662256
-125 1.21431e-17
-124 2.60209e-17
-123 2.60209e-17
-122 0.00662256
-121 2.60209e-17
-120 2.60209e-17
-119 1.21431e-17
-118 2.60209e-17
-117 1.21431e-17
-116 2.60209e-17
-115 2.60209e-17
-114 2.60209e-17
-113 0.00662256
-112 2.60209e-17
-111 2.60209e-17
-110 0.00662256
-109 2.60209e-17
-108 2.60209e-17
-107 2.60209e-17
-106 2.60209e-17
-105 2.60209e-17
-104 2.60209e-17
-103 2.60209e-17
-102 2.60209e-17
-101 2.60209e-17
-100 2.60209e-17
-99 2.60209e-17
-98 2.60209e-17
-97 0.0132451
-96 0.0331128
-95 0.0264902
-94 0.0397354
-93 0.0463579
-92 0.0397354
-91 0.0529805
-90 0.0397354
-89 0.059603
-88 0.0927158
-87 0.0927158
-86 0.0927158
-85 0.112584
-84 0.112584
-83 0.132451
-82 0.152319
-81 0.172187
-80 0.165564
-79 0.218544
-78 0.218544
-77 0.238412
-76 0.25828
-75 0.278148
-74 0.278148
-73 0.264902
-72 0.298015
-71 0.331128
-70 0.324505
-69 0.337751
-68 0.370863
-67 0.390731
-66 0.410599
-65 0.450334
-64 0.450334
-63 0.490069
-62 0.470202
-61 0.490069
-60 0.463579
-59 0.496692
-58 0.51656
-57 0.509937
-56 0.509937
-55 0.496692
-54 0.470202
-53 0.483447
-52 0.483447
-51 0.443712
-50 0.443712
-49 0.463579
-48 0.456957
-47 0.437089
-46 0.437089
-45 0.450334
-44 0.430466
-43 0.437089
-42 0.423844
-41 0.430466
-40 0.443712
-39 0.450334
-38 0.443712
-37 0.463579
-36 0.430466
-35 0.456957
-34 0.463579
-33 0.456957
-32 0.463579
-31 0.483447
-30 0.483447
-29 0.509937
-28 0.509937
-27 0.51656
-26 0.496692
-25 0.523182
-24 0.509937
-23 0.509937
-22 0.483447
-21 0.509937
-20 0.509937
-19 0.536427
-18 0.529805
-17 0.536427
-16 0.536427
-15 0.529805
-14 0.509937
-13 0.54305
-12 0.523182
-11 0.529805
-10 0.509937
-9 0.529805
-8 0.549672
-7 0.562918
-6 0.529805
-5 0.523182
-4 0.523182
-3 0.523182
-2 0.529805
-1 0.562918
0 0.549672
1 0.536427
2 0.549672
3 0.556295
4 0.476824
5 0.430466
6 0.443712
7 0.556295
8 0.496692
9 0.549672
10 0.529805
11 0.51656
12 0.437089
13 0.443712
14 0.56954
15 0.51656
16 0.556295
17 0.496692
18 0.463579
19 0.430466
20 0.483447
21 0.437089
22 0.463579
23 0.51656
24 0.609276
25 0.582785
26 0.456957
27 0.549672
28 0.437089
29 0.370863
30 0.403976
31 0.509937
32 0.582785
33 0.483447
34 0.437089
35 0.443712
36 0.450334
37 0.324505
38 0.384108
39 0.437089
40 0.476824
41 0.529805
42 0.609276
43 0.549672
44 0.529805
45 0.470202
46 0.536427
47 0.509937
48 0.450334
49 0.456957
50 0.490069
51 0.556295
52 0.496692
53 0.390731
54 0.364241
55 0.304638
56 0.364241
57 0.463579
58 0.450334
59 0.476824
60 0.344373
61 0.410599
62 0.423844
63 0.417221
64 0.370863
65 0.410599
66 0.397354
67 0.403976
68 0.483447
69 0.397354
70 0.198677
71 0.211922
72 0.245035
73 0.377486
74 0.278148
75 0.364241
76 0.291393
77 0.264902
78 0.245035
79 0.198677
80 0.185432
81 0.165564
82 0.172187
83 0.172187
84 0.132451
85 0.139074
86 0.132451
87 0.132451
88 0.112584
89 0.119206
90 0.119206
91 0.0993384
92 0.0927158
93 0.0860933
94 0.0860933
95 0.0794707
96 0.0397354
97 0.0463579
98 0.0264902
99 0.0264902
100 0.0198677
101 0.0198677
102 2.60209e-17
103 2.60209e-17
104 2.60209e-17
105 2.60209e-17
106 2.60209e-17
107 2.60209e-17
108 2.60209e-17
109 2.60209e-17
110 0.00662256
111 2.60209e-17
112 0.00662256
113 2.60209e-17
114 0.00662256
115 2.60209e-17
116 0.00662256
117 2.60209e-17
118 2.60209e-17
119 1.21431e-17
120 2.60209e-17
121 2.60209e-17
122 1.21431e-17
123 2.60209e-17
124 2.60209e-17
125 2.60209e-17
126 2.60209e-17
#############################



### angle = 60
-126 2.60209e-17
-125 2.60209e-17
-124 1.21431e-17
-123 2.60209e-17
-122 2.60209e-17
-121 2.60209e-17
-120 2.60209e-17
-119 2.60209e-17
-118 2.60209e-17
-117 2.60209e-17
-116 0.00662256
-115 0.0132451
-114 0.0264902
-113 0.0198677
-112 0.0264902
-111 5.37764e-17
-110 0.00662256
-109 0.00662256
-108 0.0264902
-107 0.00662256
-106 0.0132451
-105 0.0264902
-104 0.0198677
-103 0.0132451
-102 0.0198677
-101 0.0198677
-100 0.0397354
-99 0.0463579
-98 0.0397354
-97 0.059603
-96 0.0529805
-95 0.0794707
-94 0.105961
-93 0.0993384
-92 0.0860933
-91 0.112584
-90 0.105961
-89 0.119206
-88 0.119206
-87 0.119206
-86 0.119206
-85 0.132451
-84 0.139074
-83 0.172187
-82 0.152319
-81 0.172187
-80 0.152319
-79 0.178809
-78 0.225167
-77 0.238412
-76 0.218544
-75 0.238412
-74 0.264902
-73 0.291393
-72 0.298015
-71 0.298015
-70 0.291393
-69 0.298015
-68 0.28477
-67 0.291393
-66 0.317883
-65 0.31126
-64 0.357618
-63 0.370863
-62 0.364241
-61 0.370863
-60 0.377486
-59 0.390731
-58 0.397354
-57 0.397354
-56 0.403976
-55 0.410599
-54 0.423844
-53 0.430466
-52 0.430466
-51 0.423844
-50 0.403976
-49 0.397354
-48 0.384108
-47 0.390731
-46 0.403976
-45 0.410599
-44 0.417221
-43 0.430466
-42 0.430466
-41 0.450334
-40 0.423844
-39 0.450334
-38 0.456957
-37 0.470202
-36 0.450334
-35 0.483447
-34 0.483447
-33 0.496692
-32 0.509937
-31 0.496692
-30 0.463579
-29 0.490069
-28 0.496692
-27 0.490069
-26 0.503315
-25 0.54305
-24 0.562918
-23 0.54305
-22 0.529805
-21 0.54305
-20 0.54305
-19 0.562918
-18 0.54305
-17 0.576163
-16 0.562918
-15 0.562918
-14 0.556295
-13 0.56954
-12 0.556295
-11 0.549672
-10 0.54305
-9 0.582785
-8 0.562918
-7 0.576163
-6 0.562918
-5 0.59603
-4 0.562918
-3 0.576163
-2 0.576163
-1 0.576163
0 0.589408
1 0.589408
2 0.576163
3 0.589408
4 0.59603
5 0.589408
6 0.622521
7 0.642388
8 0.536427
9 0.437089
10 0.556295
11 0.642388
12 0.529805
13 0.609276
14 0.609276
15 0.556295
16 0.51656
17 0.470202
18 0.496692
19 0.54305
20 0.582785
21 0.496692
22 0.509937
23 0.476824
24 0.470202
25 0.470202
26 0.483447
27 0.549672
28 0.688746
29 0.529805
30 0.456957
31 0.377486
32 0.397354
33 0.390731
34 0.483447
35 0.51656
36 0.589408
37 0.490069
38 0.364241
39 0.317883
40 0.483447
41 0.443712
42 0.483447
43 0.437089
44 0.384108
45 0.450334
46 0.562918
47 0.51656
48 0.417221
49 0.443712
50 0.410599
51 0.410599
52 0.556295
53 0.483447
54 0.463579
55 0.443712
56 0.582785
57 0.417221
58 0.324505
59 0.324505
60 0.291393
61 0.377486
62 0.384108
63 0.423844
64 0.423844
65 0.264902
66 0.337751
67 0.403976
68 0.370863
69 0.331128
70 0.350996
71 0.397354
72 0.317883
73 0.178809
74 0.132451
75 0.152319
76 0.291393
77 0.25828
78 0.225167
79 0.165564
80 0.139074
81 0.158941
82 0.112584
83 0.132451
84 0.119206
85 0.125829
86 0.105961
87 0.112584
88 0.0993384
89 0.0860933
90 0.0993384
91 0.0927158
92 0.0927158
93 0.0794707
94 0.0728482
95 0.0662256
96 0.0529805
97 0.0463579
98 0.0331128
99 0.0264902
100 0.0264902
101 0.0198677
102 0.0198677
103 0.0132451
104 0.0198677
105 0.0198677
106 0.0132451
107 0.00662256
108 0.0198677
109 0.00662256
110 0.0132451
111 0.0132451
112 0.0198677
113 0.00662256
114 0.00662256
115 2.60209e-17
116 2.60209e-17
117 2.60209e-17
118 2.60209e-17
119 2.60209e-17
120 2.60209e-17
121 2.60209e-17
122 2.60209e-17
123 2.60209e-17
124 2.60209e-17
125 1.21431e-17
126 2.60209e-17
#############################



### angle = 66
-126 2.60209e-17
-125 0.0331128
-124 0.0198677
-123 0.0397354
-122 0.0198677
-121 0.0264902
-120 0.0132451
-119 0.0331128
-118 0.0198677
-117 0.0264902
-116 0.0198677
-115 0.0331128
-114 0.0132451
-113 0.0132451
-112 0.0198677
-111 0.0132451
-110 0.0264902
-109 0.0198677
-108 0.0331128
-107 0.0132451
-106 0.0264902
-105 0.0397354
-104 0.0331128
-103 0.0529805
-102 0.059603
-101 0.0397354
-100 0.0529805
-99 0.0860933
-98 0.0728482
-97 0.0993384
-96 0.0860933
-95 0.105961
-94 0.0927158
-93 0.119206
-92 0.119206
-91 0.139074
-90 0.105961
-89 0.145696
-88 0.145696
-87 0.132451
-86 0.158941
-85 0.152319
-84 0.145696
-83 0.192054
-82 0.165564
-81 0.198677
-80 0.185432
-79 0.178809
-78 0.172187
-77 0.178809
-76 0.211922
-75 0.218544
-74 0.198677
-73 0.225167
-72 0.218544
-71 0.211922
-70 0.205299
-69 0.251657
-68 0.251657
-67 0.245035
-66 0.25828
-65 0.264902
-64 0.251657
-63 0.251657
-62 0.238412
-61 0.211922
-60 0.245035
-59 0.278148
-58 0.278148
-57 0.291393
-56 0.304638
-55 0.298015
-54 0.317883
-53 0.304638
-52 0.298015
-51 0.28477
-50 0.28477
-49 0.291393
-48 0.291393
-47 0.278148
-46 0.25828
-45 0.251657
-44 0.205299
-43 0.225167
-42 0.245035
-41 0.291393
-40 0.344373
-39 0.410599
-38 0.450334
-37 0.496692
-36 0.490069
-35 0.529805
-34 0.536427
-33 0.556295
-32 0.59603
-31 0.642388
-30 0.635766
-29 0.642388
-28 0.662256
-27 0.635766
-26 0.635766
-25 0.629143
-24 0.622521
-23 0.668879
-22 0.629143
-21 0.662256
-20 0.695369
-19 0.675501
-18 0.662256
-17 0.649011
-16 0.635766
-15 0.615898
-14 0.615898
-13 0.615898
-12 0.622521
-11 0.615898
-10 0.635766
-9 0.668879
-8 0.649011
-7 0.655633
-6 0.655633
-5 0.635766
-4 0.668879
-3 0.675501
-2 0.668879
-1 0.662256
0 0.695369
1 0.662256
2 0.649011
3 0.649011
4 0.655633
5 0.642388
6 0.655633
7 0.668879
8 0.642388
9 0.662256
10 0.655633
11 0.655633
12 0.642388
13 0.476824
14 0.602653
15 0.682124
16 0.662256
17 0.649011
18 0.701991
19 0.675501
20 0.649011
21 0.609276
22 0.695369
23 0.668879
24 0.688746
25 0.741727
26 0.549672
27 0.589408
28 0.509937
29 0.476824
30 0.556295
31 0.576163
32 0.456957
33 0.324505
34 0.357618
35 0.331128
36 0.344373
37 0.390731
38 0.430466
39 0.278148
40 0.298015
41 0.344373
42 0.317883
43 0.357618
44 0.384108
45 0.337751
46 0.291393
47 0.417221
48 0.264902
49 0.364241
50 0.291393
51 0.344373
52 0.476824
53 0.384108
54 0.384108
55 0.350996
56 0.417221
57 0.450334
58 0.390731
59 0.390731
60 0.423844
61 0.331128
62 0.324505
63 0.337751
64 0.25828
65 0.331128
66 0.251657
67 0.331128
68 0.337751
69 0.291393
70 0.238412
71 0.28477
72 0.291393
73 0.23179
74 0.31126
75 0.185432
76 0.145696
77 0.105961
78 0.198677
79 0.23179
80 0.165564
81 0.158941
82 0.0860933
83 0.145696
84 0.0794707
85 0.0927158
86 0.0860933
87 0.0860933
88 0.0860933
89 0.0794707
90 0.0728482
91 0.059603
92 0.059603
93 0.0463579
94 0.0463579
95 0.0331128
96 0.0198677
97 0.0132451
98 0.0132451
99 0.0198677
100 0.0132451
101 0.0264902
102 0.0198677
103 0.0264902
104 0.0264902
105 0.0264902
106 0.0132451
107 0.0132451
108 0.00662256
109 0.0132451
110 0.0198677
111 0.0264902
112 0.0264902
113 0.0198677
114 0.0198677
115 0.0132451
116 0.0264902
117 0.0198677
118 0.0331128
119 0.0331128
120 0.0198677
121 0.0198677
122 0.0132451
123 0.0264902
124 0.0331128
125 0.0264902
126 2.60209e-17
#############################



### angle = 72
-126 0.0132451
-125 0.0331128
-124 0.0198677
-123 0.0264902
-122 0.0132451
-121 0.0198677
-120 0.0132451
-119 0.0198677
-118 0.0132451
-117 0.0198677
-116 0.0132451
-115 0.0198677
-114 0.0198677
-113 0.0264902
-112 0.0198677
-111 0.0132451
-110 0.0331128
-109 0.0397354
-108 0.0264902
-107 0.0264902
-106 0.0397354
-105 0.0331128
-104 0.0463579
-103 0.105961
-102 0.0860933
-101 0.0728482
-100 0.0993384
-99 0.0993384
-98 0.0993384
-97 0.105961
-96 0.105961
-95 0.112584
-94 0.105961
-93 0.119206
-92 0.132451
-91 0.152319
-90 0.132451
-89 0.125829
-88 0.152319
-87 0.158941
-86 0.158941
-85 0.152319
-84 0.145696
-83 0.145696
-82 0.139074
-81 0.145696
-80 0.125829
-79 0.158941
-78 0.158941
-77 0.145696
-76 0.145696
-75 0.139074
-74 0.152319
-73 0.172187
-72 0.158941
-71 0.165564
-70 0.158941
-69 0.158941
-68 0.178809
-67 0.192054
-66 0.198677
-65 0.198677
-64 0.211922
-63 0.205299
-62 0.218544
-61 0.238412
-60 0.225167
-59 0.238412
-58 0.218544
-57 0.211922
-56 0.192054
-55 0.211922
-54 0.264902
-53 0.291393
-52 0.291393
-51 0.298015
-50 0.271525
-49 0.28477
-48 0.291393
-47 0.245035
-46 0.238412
-45 0.251657
-44 0.238412
-43 0.251657
-42 0.245035
-41 0.25828
-40 0.251657
-39 0.28477
-38 0.324505
-37 0.357618
-36 0.430466
-35 0.463579
-34 0.536427
-33 0.589408
-32 0.629143
-31 0.649011
-30 0.675501
-29 0.695369
-28 0.715236
-27 0.701991
-26 0.695369
-25 0.662256
-24 0.695369
-23 0.655633
-22 0.622521
-21 0.649011
-20 0.649011
-19 0.635766
-18 0.655633
-17 0.688746
-16 0.695369
-15 0.728482
-14 0.735104
-13 0.728482
-12 0.735104
-11 0.754972
-10 0.741727
-9 0.761594
-8 0.741727
-7 0.761594
-6 0.721859
-5 0.748349
-4 0.728482
-3 0.748349
-2 0.715236
-1 0.728482
0 0.761594
1 0.735104
2 0.721859
3 0.695369
4 0.682124
5 0.715236
6 0.728482
7 0.708614
8 0.688746
9 0.701991
10 0.748349
11 0.741727
12 0.754972
13 0.675501
14 0.807952
15 0.80133
16 0.721859
17 0.549672
18 0.721859
19 0.715236
20 0.741727
21 0.721859
22 0.735104
23 0.675501
24 0.629143
25 0.635766
26 0.649011
27 0.589408
28 0.629143
29 0.655633
30 0.582785
31 0.483447
32 0.562918
33 0.437089
34 0.317883
35 0.384108
36 0.324505
37 0.23179
38 0.364241
39 0.304638
40 0.317883
41 0.337751
42 0.291393
43 0.357618
44 0.350996
45 0.331128
46 0.304638
47 0.331128
48 0.324505
49 0.28477
50 0.271525
51 0.152319
52 0.324505
53 0.304638
54 0.331128
55 0.324505
56 0.31126
57 0.304638
58 0.364241
59 0.25828
60 0.344373
61 0.28477
62 0.278148
63 0.377486
64 0.357618
65 0.298015
66 0.264902
67 0.225167
68 0.23179
69 0.211922
70 0.25828
71 0.271525
72 0.25828
73 0.192054
74 0.178809
75 0.317883
76 0.172187
77 0.0993384
78 0.125829
79 0.119206
80 0.139074
81 0.139074
82 0.165564
83 0.0860933
84 0.0794707
85 0.0662256
86 0.0662256
87 0.0662256
88 0.0397354
89 0.0331128
90 0.0264902
91 0.0264902
92 0.0397354
93 0.0264902
94 0.0264902
95 0.0264902
96 0.0264902
97 0.0264902
98 0.0132451
99 0.0264902
100 0.0132451
101 0.0331128
102 0.0264902
103 0.0198677
104 0.0198677
105 0.0132451
106 0.0132451
107 0.0198677
108 0.0132451
109 0.0132451
110 2.60209e-17
111 0.0132451
112 0.0132451
113 0.0132451
114 0.0132451
115 0.0132451
116 0.0132451
117 0.0132451
118 0.0132451
119 0.0198677
120 0.0132451
121 0.0198677
122 0.0132451
123 0.00662256
124 0.0264902
125 0.0132451
126 0.0264902
#############################



### angle = 78
-126 2.60209e-17
-125 0.00662256
-124 2.60209e-17
-123 0.00662256
-122 0.0132451
-121 0.0132451
-120 0.0132451
-119 0.0132451
-118 0.00662256
-117 0.0132451
-116 0.0198677
-115 0.0331128
-114 0.0198677
-113 0.0264902
-112 0.0264902
-111 0.0132451
-110 0.0331128
-109 0.0198677
-108 0.0264902
-107 0.0132451
-106 0.0198677
-105 0.0728482
-104 0.059603
-103 0.0927158
-102 0.0860933
-101 0.0860933
-100 0.0927158
-99 0.125829
-98 0.0927158
-97 0.132451
-96 0.125829
-95 0.132451
-94 0.139074
-93 0.158941
-92 0.132451
-91 0.145696
-90 0.139074
-89 0.145696
-88 0.132451
-87 0.145696
-86 0.132451
-85 0.132451
-84 0.125829
-83 0.152319
-82 0.139074
-81 0.139074
-80 0.125829
-79 0.152319
-78 0.119206
-77 0.139074
-76 0.139074
-75 0.152319
-74 0.125829
-73 0.132451
-72 0.145696
-71 0.158941
-70 0.152319
-69 0.165564
-68 0.158941
-67 0.172187
-66 0.192054
-65 0.192054
-64 0.205299
-63 0.192054
-62 0.205299
-61 0.198677
-60 0.192054
-59 0.198677
-58 0.251657
-57 0.251657
-56 0.25828
-55 0.245035
-54 0.25828
-53 0.238412
-52 0.251657
-51 0.238412
-50 0.218544
-49 0.238412
-48 0.245035
-47 0.264902
-46 0.278148
-45 0.28477
-44 0.304638
-43 0.317883
-42 0.337751
-41 0.324505
-40 0.357618
-39 0.370863
-38 0.397354
-37 0.417221
-36 0.476824
-35 0.490069
-34 0.496692
-33 0.51656
-32 0.523182
-31 0.549672
-30 0.523182
-29 0.589408
-28 0.59603
-27 0.609276
-26 0.615898
-25 0.59603
-24 0.622521
-23 0.649011
-22 0.668879
-21 0.701991
-20 0.708614
-19 0.715236
-18 0.728482
-17 0.715236
-16 0.721859
-15 0.735104
-14 0.715236
-13 0.748349
-12 0.768217
-11 0.748349
-10 0.761594
-9 0.748349
-8 0.754972
-7 0.741727
-6 0.728482
-5 0.741727
-4 0.735104
-3 0.748349
-2 0.728482
-1 0.695369
0 0.735104
1 0.695369
2 0.701991
3 0.721859
4 0.728482
5 0.754972
6 0.754972
7 0.748349
8 0.77484
9 0.781462
10 0.708614
11 0.715236
12 0.741727
13 0.754972
14 0.781462
15 0.721859
16 0.794707
17 0.794707
18 0.807952
19 0.788085
20 0.721859
21 0.589408
22 0.635766
23 0.662256
24 0.655633
25 0.715236
26 0.655633
27 0.622521
28 0.615898
29 0.635766
30 0.629143
31 0.503315
32 0.629143
33 0.602653
34 0.503315
35 0.463579
36 0.443712
37 0.443712
38 0.536427
39 0.423844
40 0.357618
41 0.423844
42 0.324505
43 0.470202
44 0.423844
45 0.28477
46 0.205299
47 0.377486
48 0.271525
49 0.377486
50 0.198677
51 0.271525
52 0.218544
53 0.165564
54 0.192054
55 0.304638
56 0.337751
57 0.317883
58 0.245035
59 0.317883
60 0.278148
61 0.271525
62 0.245035
63 0.25828
64 0.23179
65 0.317883
66 0.31126
67 0.251657
68 0.172187
69 0.218544
70 0.225167
71 0.198677
72 0.178809
73 0.165564
74 0.178809
75 0.23179
76 0.158941
77 0.0993384
78 0.0993384
79 0.0993384
80 0.0463579
81 0.0794707
82 0.0794707
83 0.0463579
84 0.0463579
85 0.0264902
86 0.0331128
87 0.0198677
88 0.0331128
89 0.0264902
90 0.0264902
91 0.00662256
92 0.0331128
93 0.0132451
94 0.0264902
95 0.0331128
96 0.0264902
97 0.0198677
98 0.0331128
99 0.0132451
100 0.0198677
101 0.0198677
102 0.0198677
103 0.0132451
104 0.0132451
105 0.00662256
106 0.00662256
107 0.00662256
108 0.0132451
109 0.0132451
110 0.0132451
111 0.00662256
112 0.0264902
113 0.0198677
114 0.0132451
115 0.0198677
116 0.00662256
117 0.0132451
118 0.0132451
119 0.0198677
120 0.0264902
121 0.0132451
122 0.0132451
123 0.00662256
124 0.00662256
125 0.00662256
126 0.0132451
#############################



### angle = 84
-126 2.60209e-17
-125 0.0132451
-124 0.0264902
-123 0.0132451
-122 0.0198677
-121 0.00662256
-120 0.0132451
-119 0.0132451
-118 1.21431e-17
-117 2.60209e-17
-116 2.60209e-17
-115 0.00662256
-114 0.00662256
-113 0.00662256
-112 0.0132451
-111 0.00662256
-110 0.00662256
-109 0.0132451
-108 0.00662256
-107 0
-106 0.0993384
-105 0.0794707
-104 0.0728482
-103 0.0927158
-102 0.0860933
-101 0.105961
-100 0.145696
-99 0.112584
-98 0.145696
-97 0.132451
-96 0.119206
-95 0.132451
-94 0.119206
-93 0.165564
-92 0.139074
-91 0.139074
-90 0.125829
-89 0.139074
-88 0.158941
-87 0.152319
-86 0.145696
-85 0.145696
-84 0.152319
-83 0.152319
-82 0.165564
-81 0.172187
-80 0.172187
-79 0.178809
-78 0.139074
-77 0.158941
-76 0.152319
-75 0.172187
-74 0.185432
-73 0.172187
-72 0.172187
-71 0.185432
-70 0.172187
-69 0.172187
-68 0.158941
-67 0.158941
-66 0.178809
-65 0.165564
-64 0.178809
-63 0.185432
-62 0.172187
-61 0.205299
-60 0.178809
-59 0.178809
-58 0.218544
-57 0.205299
-56 0.205299
-55 0.198677
-54 0.23179
-53 0.245035
-52 0.238412
-51 0.271525
-50 0.278148
-49 0.28477
-48 0.324505
-47 0.291393
-46 0.304638
-45 0.31126
-44 0.317883
-43 0.317883
-42 0.317883
-41 0.350996
-40 0.377486
-39 0.390731
-38 0.437089
-37 0.443712
-36 0.437089
-35 0.476824
-34 0.470202
-33 0.456957
-32 0.476824
-31 0.483447
-30 0.450334
-29 0.483447
-28 0.51656
-27 0.536427
-26 0.562918
-25 0.582785
-24 0.635766
-23 0.649011
-22 0.629143
-21 0.675501
-20 0.682124
-19 0.675501
-18 0.675501
-17 0.682124
-16 0.715236
-15 0.715236
-14 0.735104
-13 0.701991
-12 0.708614
-11 0.715236
-10 0.695369
-9 0.682124
-8 0.701991
-7 0.708614
-6 0.715236
-5 0.728482
-4 0.77484
-3 0.761594
-2 0.754972
-1 0.748349
0 0.814575
1 0.80133
2 0.788085
3 0.794707
4 0.768217
5 0.788085
6 0.768217
7 0.768217
8 0.814575
9 0.754972
10 0.768217
11 0.788085
12 0.781462
13 0.768217
14 0.748349
15 0.748349
16 0.735104
17 0.655633
18 0.748349
19 0.715236
20 0.735104
21 0.741727
22 0.761594
23 0.754972
24 0.642388
25 0.649011
26 0.668879
27 0.649011
28 0.721859
29 0.642388
30 0.642388
31 0.635766
32 0.602653
33 0.635766
34 0.582785
35 0.470202
36 0.476824
37 0.397354
38 0.562918
39 0.377486
40 0.390731
41 0.390731
42 0.390731
43 0.523182
44 0.562918
45 0.430466
46 0.344373
47 0.251657
48 0.331128
49 0.443712
50 0.264902
51 0.28477
52 0.331128
53 0.172187
54 0.245035
55 0.119206
56 0.225167
57 0.278148
58 0.304638
59 0.304638
60 0.198677
61 0.25828
62 0.324505
63 0.251657
64 0.23179
65 0.185432
66 0.23179
67 0.211922
68 0.291393
69 0.225167
70 0.158941
71 0.172187
72 0.165564
73 0.125829
74 0.178809
75 0.105961
76 0.0463579
77 0.158941
78 0.172187
79 0.0529805
80 2.60209e-17
81 0.0331128
82 0.0463579
83 0.00662256
84 0.0132451
85 0.0198677
86 0.0331128
87 0.0264902
88 0.0198677
89 0.0198677
90 0.0198677
91 0.0264902
92 0.0264902
93 0.0198677
94 0.0264902
95 0.0264902
96 0.0198677
97 0.0264902
98 0.0331128
99 0.0331128
100 0.0132451
101 0.0264902
102 0.0264902
103 0.0132451
104 0.0132451
105 2.60209e-17
106 0.0132451
107 2.60209e-17
108 0.00662256
109 0.00662256
110 0.00662256
111 0.00662256
112 0.0198677
113 0.0198677
114 0.0198677
115 0.00662256
116 0.0132451
117 0.00662256
118 0.0198677
119 0.00662256
120 0.0132451
121 0.00662256
122 0.00662256
123 2.60209e-17
124 1.21431e-17
125 2.60209e-17
126 1.21431e-17
#############################



### angle = 90
-126 2.60209e-17
-125 1.21431e-17
-124 2.60209e-17
-123 0.00662256
-122 0.00662256
-121 0.0198677
-120 0.0198677
-119 0.0331128
-118 0.0198677
-117 0.0198677
-116 0.0198677
-115 0.0132451
-114 0.0198677
-113 0.0132451
-112 2.60209e-17
-111 0.00662256
-110 0.0132451
-109 2.60209e-17
-108 0.0132451
-107 0.0132451
-106 0.0993384
-105 0.158941
-104 0.152319
-103 0.119206
-102 0.145696
-101 0.132451
-100 0.125829
-99 0.119206
-98 0.145696
-97 0.125829
-96 0.125829
-95 0.105961
-94 0.145696
-93 0.152319
-92 0.132451
-91 0.158941
-90 0.125829
-89 0.152319
-88 0.139074
-87 0.158941
-86 0.139074
-85 0.158941
-84 0.152319
-83 0.158941
-82 0.132451
-81 0.165564
-80 0.139074
-79 0.165564
-78 0.165564
-77 0.172187
-76 0.158941
-75 0.152319
-74 0.165564
-73 0.165564
-72 0.158941
-71 0.178809
-70 0.172187
-69 0.172187
-68 0.152319
-67 0.158941
-66 0.165564
-65 0.158941
-64 0.158941
-63 0.172187
-62 0.139074
-61 0.145696
-60 0.172187
-59 0.158941
-58 0.172187
-57 0.185432
-56 0.225167
-55 0.251657
-54 0.251657
-53 0.278148
-52 0.25828
-51 0.28477
-50 0.25828
-49 0.278148
-48 0.331128
-47 0.331128
-46 0.331128
-45 0.337751
-44 0.337751
-43 0.370863
-42 0.350996
-41 0.337751
-40 0.344373
-39 0.384108
-38 0.357618
-37 0.357618
-36 0.390731
-35 0.410599
-34 0.437089
-33 0.450334
-32 0.450334
-31 0.496692
-30 0.523182
-29 0.562918
-28 0.54305
-27 0.562918
-26 0.56954
-25 0.56954
-24 0.56954
-23 0.562918
-22 0.576163
-21 0.622521
-20 0.609276
-19 0.649011
-18 0.695369
-17 0.688746
-16 0.649011
-15 0.655633
-14 0.662256
-13 0.675501
-12 0.701991
-11 0.675501
-10 0.715236
-9 0.761594
-8 0.701991
-7 0.715236
-6 0.748349
-5 0.761594
-4 0.748349
-3 0.761594
-2 0.754972
-1 0.788085
0 0.821197
1 0.781462
2 0.748349
3 0.82782
4 0.847688
5 0.80133
6 0.814575
7 0.82782
8 0.82782
9 0.781462
10 0.77484
11 0.768217
12 0.82782
13 0.761594
14 0.741727
15 0.761594
16 0.781462
17 0.741727
18 0.701991
19 0.695369
20 0.788085
21 0.788085
22 0.728482
23 0.701991
24 0.682124
25 0.728482
26 0.701991
27 0.635766
28 0.576163
29 0.642388
30 0.589408
31 0.602653
32 0.622521
33 0.682124
34 0.622521
35 0.54305
36 0.523182
37 0.523182
38 0.390731
39 0.31126
40 0.496692
41 0.503315
42 0.331128
43 0.536427
44 0.509937
45 0.370863
46 0.423844
47 0.337751
48 0.364241
49 0.357618
50 0.337751
51 0.390731
52 0.331128
53 0.271525
54 0.245035
55 0.218544
56 0.264902
57 0.271525
58 0.278148
59 0.271525
60 0.225167
61 0.278148
62 0.251657
63 0.264902
64 0.198677
65 0.185432
66 0.145696
67 0.139074
68 0.178809
69 0.185432
70 0.165564
71 0.0993384
72 0.112584
73 0.0927158
74 0.0132451
75 0.0860933
76 0.152319
77 0.112584
78 0.0860933
79 0.192054
80 0.0397354
81 0.0198677
82 0.00662256
83 0.00662256
84 0.0198677
85 0.0132451
86 0.00662256
87 0.0198677
88 0.0264902
89 0.0264902
90 0.0264902
91 0.0264902
92 0.0397354
93 0.0264902
94 0.0264902
95 0.0264902
96 0.0331128
97 0.0529805
98 0.0463579
99 0.0397354
100 0.0397354
101 0.0264902
102 0.0198677
103 0.0198677
104 0.0132451
105 0.00662256
106 0.00662256
107 0.00662256
108 0.00662256
109 0.0132451
110 0.00662256
111 0.00662256
112 0.00662256
113 2.60209e-17
114 0.0132451
115 0.00662256
116 0.00662256
117 0.0132451
118 0.0132451
119 0.00662256
120 0.0132451
121 2.60209e-17
122 0.00662256
123 2.60209e-17
124 0.00662256
125 1.21431e-17
126 2.60209e-17
#############################



### angle = 96
-126 0.0132451
-125 0.0198677
-124 0.0198677
-123 0.0264902
-122 0.0264902
-121 0.0331128
-120 0.0397354
-119 0.0397354
-118 0.0331128
-117 0.0529805
-116 0.0132451
-115 0.0397354
-114 0.0331128
-113 0.0132451
-112 0.0198677
-111 0.0132451
-110 0.0264902
-109 0.0264902
-108 0.0331128
-107 0.0860933
-106 0.125829
-105 0.0728482
-104 0.165564
-103 0.165564
-102 0.139074
-101 0.139074
-100 0.145696
-99 0.145696
-98 0.152319
-97 0.145696
-96 0.125829
-95 0.152319
-94 0.165564
-93 0.145696
-92 0.119206
-91 0.132451
-90 0.132451
-89 0.139074
-88 0.145696
-87 0.125829
-86 0.125829
-85 0.152319
-84 0.125829
-83 0.139074
-82 0.132451
-81 0.125829
-80 0.105961
-79 0.165564
-78 0.132451
-77 0.125829
-76 0.165564
-75 0.139074
-74 0.158941
-73 0.132451
-72 0.139074
-71 0.145696
-70 0.145696
-69 0.152319
-68 0.139074
-67 0.139074
-66 0.152319
-65 0.165564
-64 0.185432
-63 0.158941
-62 0.185432
-61 0.185432
-60 0.211922
-59 0.192054
-58 0.211922
-57 0.211922
-56 0.198677
-55 0.178809
-54 0.218544
-53 0.238412
-52 0.23179
-51 0.245035
-50 0.245035
-49 0.28477
-48 0.28477
-47 0.298015
-46 0.350996
-45 0.324505
-44 0.344373
-43 0.350996
-42 0.350996
-41 0.331128
-40 0.331128
-39 0.357618
-38 0.344373
-37 0.357618
-36 0.370863
-35 0.417221
-34 0.443712
-33 0.483447
-32 0.490069
-31 0.523182
-30 0.536427
-29 0.54305
-28 0.523182
-27 0.56954
-26 0.56954
-25 0.582785
-24 0.589408
-23 0.609276
-22 0.589408
-21 0.609276
-20 0.589408
-19 0.589408
-18 0.59603
-17 0.589408
-16 0.635766
-15 0.662256
-14 0.688746
-13 0.735104
-12 0.741727
-11 0.741727
-10 0.741727
-9 0.768217
-8 0.77484
-7 0.807952
-6 0.781462
-5 0.768217
-4 0.768217
-3 0.741727
-2 0.748349
-1 0.761594
0 0.768217
1 0.768217
2 0.768217
3 0.794707
4 0.761594
5 0.781462
6 0.841065
7 0.781462
8 0.788085
9 0.788085
10 0.82782
11 0.77484
12 0.788085
13 0.781462
14 0.761594
15 0.748349
16 0.754972
17 0.754972
18 0.741727
19 0.754972
20 0.695369
21 0.754972
22 0.748349
23 0.721859
24 0.662256
25 0.695369
26 0.675501
27 0.735104
28 0.701991
29 0.629143
30 0.668879
31 0.556295
32 0.582785
33 0.635766
34 0.562918
35 0.635766
36 0.602653
37 0.556295
38 0.556295
39 0.331128
40 0.463579
41 0.450334
42 0.304638
43 0.25828
44 0.317883
45 0.437089
46 0.490069
47 0.503315
48 0.317883
49 0.331128
50 0.350996
51 0.331128
52 0.350996
53 0.218544
54 0.31126
55 0.251657
56 0.185432
57 0.218544
58 0.205299
59 0.25828
60 0.245035
61 0.238412
62 0.178809
63 0.245035
64 0.211922
65 0.178809
66 0.158941
67 0.172187
68 0.145696
69 0.238412
70 0.23179
71 0.0463579
72 0.0463579
73 0.0993384
74 0.165564
75 0.0927158
76 0.139074
77 0.0662256
78 0.0794707
79 0.132451
80 0.0927158
81 0.0397354
82 0.0397354
83 0.0198677
84 0.0331128
85 0.0463579
86 0.0264902
87 0.0264902
88 0.0331128
89 0.0132451
90 0.0264902
91 0.0198677
92 0.0132451
93 0.0397354
94 0.0264902
95 0.0198677
96 0.0264902
97 0.0198677
98 0.00662256
99 0.0132451
100 0.0264902
101 0.0132451
102 0.00662256
103 0.00662256
104 0.0198677
105 0.00662256
106 0.0198677
107 0.0132451
108 0.0132451
109 0.0132451
110 0.00662256
111 0.0198677
112 0.0132451
113 0.0198677
114 0.0132451
115 0.0198677
116 0.0198677
117 0.0397354
118 0.0198677
119 0.0397354
120 0.0264902
121 0.0132451
122 0.0132451
123 2.60209e-17
124 0.0132451
125 0.00662256
126 0.00662256
#############################



### angle = 102
-126 0.0132451
-125 0.0264902
-124 0.0264902
-123 0.0397354
-122 0.0397354
-121 0.0331128
-120 0.0397354
-119 0.0331128
-118 0.0331128
-117 0.0397354
-116 0.0198677
-115 0.0331128
-114 0.0264902
-113 0.0264902
-112 0.0331128
-111 0.0331128
-110 0.0397354
-109 0.0331128
-108 0.0662256
-107 0.0993384
-106 0.112584
-105 0.112584
-104 0.132451
-103 0.105961
-102 0.139074
-101 0.0993384
-100 0.172187
-99 0.178809
-98 0.145696
-97 0.165564
-96 0.165564
-95 0.165564
-94 0.132451
-93 0.178809
-92 0.152319
-91 0.165564
-90 0.125829
-89 0.145696
-88 0.145696
-87 0.165564
-86 0.152319
-85 0.165564
-84 0.139074
-83 0.139074
-82 0.165564
-81 0.145696
-80 0.145696
-79 0.152319
-78 0.145696
-77 0.139074
-76 0.145696
-75 0.125829
-74 0.145696
-73 0.132451
-72 0.158941
-71 0.145696
-70 0.132451
-69 0.152319
-68 0.145696
-67 0.165564
-66 0.185432
-65 0.198677
-64 0.192054
-63 0.225167
-62 0.172187
-61 0.185432
-60 0.198677
-59 0.185432
-58 0.211922
-57 0.218544
-56 0.225167
-55 0.198677
-54 0.225167
-53 0.238412
-52 0.251657
-51 0.251657
-50 0.25828
-49 0.264902
-48 0.28477
-47 0.25828
-46 0.25828
-45 0.25828
-44 0.271525
-43 0.317883
-42 0.298015
-41 0.317883
-40 0.337751
-39 0.370863
-38 0.364241
-37 0.410599
-36 0.370863
-35 0.417221
-34 0.443712
-33 0.450334
-32 0.483447
-31 0.51656
-30 0.523182
-29 0.56954
-28 0.556295
-27 0.562918
-26 0.529805
-25 0.51656
-24 0.523182
-23 0.54305
-22 0.529805
-21 0.589408
-20 0.615898
-19 0.629143
-18 0.662256
-17 0.688746
-16 0.721859
-15 0.721859
-14 0.754972
-13 0.741727
-12 0.754972
-11 0.748349
-10 0.761594
-9 0.748349
-8 0.741727
-7 0.735104
-6 0.768217
-5 0.754972
-4 0.761594
-3 0.748349
-2 0.748349
-1 0.741727
0 0.77484
1 0.761594
2 0.748349
3 0.741727
4 0.748349
5 0.77484
6 0.715236
7 0.708614
8 0.715236
9 0.721859
10 0.728482
11 0.748349
12 0.768217
13 0.77484
14 0.77484
15 0.768217
16 0.748349
17 0.741727
18 0.748349
19 0.754972
20 0.748349
21 0.721859
22 0.695369
23 0.721859
24 0.695369
25 0.701991
26 0.682124
27 0.668879
28 0.675501
29 0.688746
30 0.668879
31 0.582785
32 0.688746
33 0.582785
34 0.483447
35 0.56954
36 0.589408
37 0.529805
38 0.642388
39 0.562918
40 0.298015
41 0.271525
42 0.264902
43 0.251657
44 0.350996
45 0.384108
46 0.337751
47 0.357618
48 0.298015
49 0.28477
50 0.218544
51 0.331128
52 0.331128
53 0.152319
54 0.139074
55 0.152319
56 0.25828
57 0.28477
58 0.205299
59 0.238412
60 0.28477
61 0.291393
62 0.28477
63 0.25828
64 0.238412
65 0.23179
66 0.31126
67 0.205299
68 0.218544
69 0.23179
70 0.23179
71 0.218544
72 0.152319
73 0.23179
74 0.172187
75 0.132451
76 0.0860933
77 0.145696
78 0.0662256
79 0.112584
80 0.0993384
81 0.059603
82 0.0529805
83 0.0463579
84 0.0264902
85 0.0397354
86 0.0264902
87 0.0331128
88 0.0397354
89 0.0397354
90 0.0397354
91 0.0264902
92 0.0331128
93 0.0264902
94 0.0264902
95 0.0264902
96 0.0132451
97 0.0132451
98 0.0132451
99 0.0132451
100 0.0132451
101 0.0198677
102 0.0132451
103 0.0132451
104 0.0264902
105 0.0132451
106 0.0132451
107 0.0132451
108 0.0132451
109 0.0132451
110 0.0132451
111 0.00662256
112 0.0198677
113 0.00662256
114 0.0132451
115 0.0132451
116 0.0198677
117 0.0132451
118 0.0132451
119 0.0132451
120 0.0132451
121 0.0198677
122 0.0198677
123 0.0198677
124 0.0132451
125 0.00662256
126 0.0463579
#############################



### angle = 108
-126 0.0264902
-125 1.21431e-17
-124 0.00662256
-123 0.0198677
-122 0.00662256
-121 0.0132451
-120 0.0132451
-119 0.00662256
-118 0.0264902
-117 0.0132451
-116 0.0198677
-115 0.0198677
-114 0.0264902
-113 0.0331128
-112 0.0331128
-111 0.0264902
-110 0.0397354
-109 0.0331128
-108 0.0198677
-107 0.0662256
-106 0.0794707
-105 0.0794707
-104 0.119206
-103 0.105961
-102 0.125829
-101 0.0993384
-100 0.125829
-99 0.119206
-98 0.132451
-97 0.132451
-96 0.0993384
-95 0.211922
-94 0.185432
-93 0.165564
-92 0.172187
-91 0.192054
-90 0.165564
-89 0.172187
-88 0.185432
-87 0.172187
-86 0.178809
-85 0.192054
-84 0.178809
-83 0.178809
-82 0.185432
-81 0.185432
-80 0.178809
-79 0.192054
-78 0.165564
-77 0.185432
-76 0.165564
-75 0.165564
-74 0.178809
-73 0.205299
-72 0.205299
-71 0.198677
-70 0.218544
-69 0.211922
-68 0.225167
-67 0.218544
-66 0.218544
-65 0.225167
-64 0.23179
-63 0.198677
-62 0.218544
-61 0.238412
-60 0.25828
-59 0.271525
-58 0.271525
-57 0.264902
-56 0.304638
-55 0.298015
-54 0.264902
-53 0.291393
-52 0.278148
-51 0.278148
-50 0.291393
-49 0.298015
-48 0.298015
-47 0.25828
-46 0.25828
-45 0.25828
-44 0.278148
-43 0.291393
-42 0.317883
-41 0.317883
-40 0.337751
-39 0.344373
-38 0.377486
-37 0.410599
-36 0.423844
-35 0.463579
-34 0.443712
-33 0.443712
-32 0.443712
-31 0.463579
-30 0.483447
-29 0.509937
-28 0.549672
-27 0.582785
-26 0.609276
-25 0.635766
-24 0.629143
-23 0.662256
-22 0.682124
-21 0.682124
-20 0.695369
-19 0.655633
-18 0.662256
-17 0.655633
-16 0.629143
-15 0.642388
-14 0.629143
-13 0.615898
-12 0.649011
-11 0.615898
-10 0.635766
-9 0.662256
-8 0.642388
-7 0.655633
-6 0.655633
-5 0.642388
-4 0.649011
-3 0.662256
-2 0.649011
-1 0.649011
0 0.655633
1 0.649011
2 0.662256
3 0.655633
4 0.682124
5 0.682124
6 0.655633
7 0.668879
8 0.682124
9 0.675501
10 0.668879
11 0.635766
12 0.615898
13 0.629143
14 0.635766
15 0.629143
16 0.655633
17 0.682124
18 0.675501
19 0.701991
20 0.655633
21 0.675501
22 0.668879
23 0.682124
24 0.668879
25 0.721859
26 0.668879
27 0.688746
28 0.688746
29 0.662256
30 0.695369
31 0.708614
32 0.642388
33 0.54305
34 0.589408
35 0.662256
36 0.635766
37 0.417221
38 0.377486
39 0.344373
40 0.417221
41 0.23179
42 0.23179
43 0.25828
44 0.364241
45 0.23179
46 0.324505
47 0.324505
48 0.403976
49 0.324505
50 0.357618
51 0.317883
52 0.23179
53 0.350996
54 0.264902
55 0.304638
56 0.350996
57 0.377486
58 0.304638
59 0.377486
60 0.357618
61 0.403976
62 0.357618
63 0.23179
64 0.317883
65 0.324505
66 0.317883
67 0.324505
68 0.364241
69 0.278148
70 0.278148
71 0.192054
72 0.185432
73 0.112584
74 0.211922
75 0.225167
76 0.0463579
77 0.185432
78 0.178809
79 0.132451
80 0.0993384
81 0.0860933
82 0.0728482
83 0.0794707
84 0.0463579
85 0.0662256
86 0.0397354
87 0.0264902
88 0.0264902
89 0.0331128
90 0.0331128
91 0.0264902
92 0.0264902
93 0.0264902
94 0.0198677
95 0.0264902
96 0.0264902
97 0.0198677
98 0.0132451
99 0.0264902
100 0.0264902
101 0.00662256
102 0.00662256
103 0.0331128
104 0.0132451
105 0.0198677
106 0.0198677
107 0.0132451
108 0.0198677
109 0.00662256
110 0.0132451
111 0.0132451
112 0.0132451
113 0.00662256
114 0.0132451
115 0.0132451
116 0.0132451
117 0.00662256
118 0.0132451
119 0.0132451
120 0.0198677
121 0.0132451
122 0.0198677
123 0.0132451
124 0.0198677
125 0.0198677
126 0.0132451
#############################



### angle = 114
-126 0.00662256
-125 0.00662256
-124 2.60209e-17
-123 2.60209e-17
-122 2.60209e-17
-121 2.60209e-17
-120 2.60209e-17
-119 2.60209e-17
-118 0.00662256
-117 0.00662256
-116 0.0198677
-115 0.0132451
-114 0.00662256
-113 2.60209e-17
-112 0.00662256
-111 0.0132451
-110 0.0198677
-109 0.00662256
-108 1.21431e-17
-107 0.0132451
-106 0.0264902
-105 0.0264902
-104 0.0529805
-103 0.059603
-102 0.0927158
-101 0.0529805
-100 0.0860933
-99 0.105961
-98 0.0927158
-97 0.105961
-96 0.125829
-95 0.119206
-94 0.139074
-93 0.125829
-92 0.139074
-91 0.145696
-90 0.112584
-89 0.211922
-88 0.185432
-87 0.192054
-86 0.198677
-85 0.198677
-84 0.178809
-83 0.198677
-82 0.192054
-81 0.205299
-80 0.198677
-79 0.211922
-78 0.211922
-77 0.218544
-76 0.23179
-75 0.25828
-74 0.25828
-73 0.238412
-72 0.25828
-71 0.25828
-70 0.271525
-69 0.271525
-68 0.25828
-67 0.278148
-66 0.304638
-65 0.31126
-64 0.337751
-63 0.344373
-62 0.337751
-61 0.317883
-60 0.350996
-59 0.350996
-58 0.377486
-57 0.337751
-56 0.357618
-55 0.364241
-54 0.370863
-53 0.357618
-52 0.384108
-51 0.344373
-50 0.350996
-49 0.390731
-48 0.390731
-47 0.397354
-46 0.437089
-45 0.463579
-44 0.463579
-43 0.470202
-42 0.470202
-41 0.490069
-40 0.483447
-39 0.490069
-38 0.483447
-37 0.476824
-36 0.470202
-35 0.463579
-34 0.456957
-33 0.456957
-32 0.450334
-31 0.490069
-30 0.476824
-29 0.456957
-28 0.476824
-27 0.490069
-26 0.509937
-25 0.51656
-24 0.536427
-23 0.529805
-22 0.509937
-21 0.562918
-20 0.529805
-19 0.549672
-18 0.529805
-17 0.54305
-16 0.549672
-15 0.536427
-14 0.536427
-13 0.536427
-12 0.562918
-11 0.54305
-10 0.562918
-9 0.54305
-8 0.523182
-7 0.529805
-6 0.54305
-5 0.549672
-4 0.562918
-3 0.54305
-2 0.549672
-1 0.56954
0 0.56954
1 0.576163
2 0.589408
3 0.59603
4 0.576163
5 0.576163
6 0.576163
7 0.59603
8 0.56954
9 0.589408
10 0.59603
11 0.576163
12 0.589408
13 0.582785
14 0.576163
15 0.56954
16 0.56954
17 0.56954
18 0.54305
19 0.582785
20 0.582785
21 0.54305
22 0.56954
23 0.51656
24 0.576163
25 0.562918
26 0.562918
27 0.562918
28 0.54305
29 0.576163
30 0.602653
31 0.562918
32 0.582785
33 0.589408
34 0.536427
35 0.397354
36 0.417221
37 0.523182
38 0.337751
39 0.54305
40 0.463579
41 0.28477
42 0.337751
43 0.443712
44 0.410599
45 0.470202
46 0.344373
47 0.463579
48 0.536427
49 0.503315
50 0.437089
51 0.377486
52 0.503315
53 0.410599
54 0.443712
55 0.423844
56 0.536427
57 0.437089
58 0.470202
59 0.443712
60 0.463579
61 0.304638
62 0.430466
63 0.437089
64 0.443712
65 0.437089
66 0.443712
67 0.317883
68 0.205299
69 0.225167
70 0.28477
71 0.271525
72 0.251657
73 0.185432
74 0.125829
75 0.251657
76 0.264902
77 0.192054
78 0.165564
79 0.165564
80 0.152319
81 0.112584
82 0.0927158
83 0.0662256
84 0.0662256
85 0.0728482
86 0.0529805
87 0.0397354
88 0.0264902
89 0.0397354
90 0.0397354
91 0.0264902
92 0.0264902
93 0.0198677
94 0.00662256
95 0.0132451
96 0.0132451
97 0.00662256
98 0.0132451
99 0.0132451
100 0.0198677
101 0.0132451
102 0.0132451
103 0.0132451
104 0.0198677
105 0.0132451
106 0.00662256
107 0.00662256
108 0.00662256
109 0.0198677
110 0.0198677
111 0.0132451
112 0.0132451
113 0.00662256
114 0.00662256
115 0.00662256
116 0.00662256
117 0.0198677
118 2.60209e-17
119 2.60209e-17
120 0.00662256
121 2.60209e-17
122 2.60209e-17
123 1.21431e-17
124 0.00662256
125 2.60209e-17
126 2.60209e-17
#############################



### angle = 120
-126 2.60209e-17
-125 2.60209e-17
-124 2.60209e-17
-123 2.60209e-17
-122 1.21431e-17
-121 1.21431e-17
-120 2.60209e-17
-119 2.60209e-17
-118 0.00662256
-117 0.00662256
-116 2.60209e-17
-115 0.00662256
-114 2.60209e-17
-113 0.00662256
-112 2.60209e-17
-111 2.60209e-17
-110 2.60209e-17
-109 2.60209e-17
-108 2.60209e-17
-107 2.60209e-17
-106 2.60209e-17
-105 2.60209e-17
-104 2.77556e-17
-103 1.38778e-17
-102 0.0264902
-101 0.0132451
-100 0.0397354
-99 0.0331128
-98 0.0529805
-97 0.059603
-96 0.0794707
-95 0.059603
-94 0.119206
-93 0.0728482
-92 0.0927158
-91 0.112584
-90 0.0860933
-89 0.139074
-88 0.132451
-87 0.132451
-86 0.145696
-85 0.165564
-84 0.152319
-83 0.178809
-82 0.185432
-81 0.211922
-80 0.245035
-79 0.264902
-78 0.271525
-77 0.28477
-76 0.28477
-75 0.291393
-74 0.271525
-73 0.271525
-72 0.304638
-71 0.331128
-70 0.324505
-69 0.350996
-68 0.364241
-67 0.384108
-66 0.397354
-65 0.390731
-64 0.410599
-63 0.430466
-62 0.390731
-61 0.390731
-60 0.384108
-59 0.450334
-58 0.417221
-57 0.410599
-56 0.423844
-55 0.430466
-54 0.450334
-53 0.476824
-52 0.470202
-51 0.476824
-50 0.490069
-49 0.496692
-48 0.496692
-47 0.490069
-46 0.490069
-45 0.496692
-44 0.490069
-43 0.503315
-42 0.490069
-41 0.490069
-40 0.490069
-39 0.470202
-38 0.443712
-37 0.463579
-36 0.437089
-35 0.456957
-34 0.463579
-33 0.456957
-32 0.463579
-31 0.456957
-30 0.456957
-29 0.463579
-28 0.476824
-27 0.503315
-26 0.490069
-25 0.483447
-24 0.51656
-23 0.483447
-22 0.483447
-21 0.483447
-20 0.450334
-19 0.490069
-18 0.490069
-17 0.490069
-16 0.51656
-15 0.496692
-14 0.51656
-13 0.496692
-12 0.503315
-11 0.54305
-10 0.503315
-9 0.529805
-8 0.51656
-7 0.523182
-6 0.509937
-5 0.509937
-4 0.536427
-3 0.523182
-2 0.523182
-1 0.529805
0 0.529805
1 0.556295
2 0.496692
3 0.529805
4 0.549672
5 0.536427
6 0.536427
7 0.523182
8 0.523182
9 0.51656
10 0.523182
11 0.51656
12 0.54305
13 0.536427
14 0.529805
15 0.51656
16 0.523182
17 0.509937
18 0.509937
19 0.51656
20 0.496692
21 0.509937
22 0.503315
23 0.490069
24 0.483447
25 0.549672
26 0.529805
27 0.549672
28 0.629143
29 0.56954
30 0.357618
31 0.384108
32 0.410599
33 0.443712
34 0.54305
35 0.536427
36 0.443712
37 0.490069
38 0.410599
39 0.410599
40 0.490069
41 0.410599
42 0.370863
43 0.377486
44 0.364241
45 0.390731
46 0.562918
47 0.496692
48 0.443712
49 0.437089
50 0.490069
51 0.490069
52 0.437089
53 0.490069
54 0.490069
55 0.589408
56 0.503315
57 0.54305
58 0.483447
59 0.450334
60 0.509937
61 0.509937
62 0.509937
63 0.390731
64 0.384108
65 0.423844
66 0.377486
67 0.390731
68 0.417221
69 0.278148
70 0.23179
71 0.25828
72 0.350996
73 0.357618
74 0.28477
75 0.23179
76 0.205299
77 0.238412
78 0.205299
79 0.152319
80 0.185432
81 0.125829
82 0.125829
83 0.0927158
84 0.105961
85 0.0927158
86 0.0927158
87 0.0728482
88 0.0728482
89 0.059603
90 0.0662256
91 0.0529805
92 0.0397354
93 0.0331128
94 0.0132451
95 5.37764e-17
96 5.37764e-17
97 0.0198677
98 0.00662256
99 2.60209e-17
100 2.60209e-17
101 2.60209e-17
102 2.60209e-17
103 2.60209e-17
104 2.60209e-17
105 2.60209e-17
106 2.60209e-17
107 2.60209e-17
108 2.60209e-17
109 2.60209e-17
110 2.60209e-17
111 0.00662256
112 2.60209e-17
113 2.60209e-17
114 0.00662256
115 2.60209e-17
116 2.60209e-17
117 2.60209e-17
118 1.21431e-17
119 1.21431e-17
120 2.60209e-17
121 2.60209e-17
122 2.60209e-17
123 0.00662256
124 2.60209e-17
125 2.60209e-17
126 1.21431e-17
#############################



### angle = 126
-126 1.21431e-17
-125 2.60209e-17
-124 2.60209e-17
-123 2.60209e-17
-122 2.60209e-17
-121 2.60209e-17
-120 2.60209e-17
-119 2.60209e-17
-118 2.60209e-17
-117 2.60209e-17
-116 2.60209e-17
-115 2.60209e-17
-114 0.00662256
-113 2.60209e-17
-112 0.0198677
-111 0.00662256
-110 0.0198677
-109 0.00662256
-108 0.0132451
-107 0.0198677
-106 0.00662256
-105 0.0132451
-104 0.0198677
-103 0.0132451
-102 0.0132451
-101 0.0132451
-100 0.0198677
-99 0.0529805
-98 0.0463579
-97 0.0529805
-96 0.0927158
-95 0.059603
-94 0.0927158
-93 0.0794707
-92 0.0927158
-91 0.0860933
-90 0.0794707
-89 0.112584
-88 0.119206
-87 0.119206
-86 0.112584
-85 0.119206
-84 0.145696
-83 0.145696
-82 0.158941
-81 0.158941
-80 0.178809
-79 0.225167
-78 0.211922
-77 0.172187
-76 0.211922
-75 0.245035
-74 0.264902
-73 0.28477
-72 0.304638
-71 0.317883
-70 0.344373
-69 0.377486
-68 0.350996
-67 0.344373
-66 0.377486
-65 0.384108
-64 0.377486
-63 0.390731
-62 0.377486
-61 0.370863
-60 0.417221
-59 0.430466
-58 0.443712
-57 0.450334
-56 0.483447
-55 0.450334
-54 0.456957
-53 0.463579
-52 0.476824
-51 0.443712
-50 0.483447
-49 0.463579
-48 0.450334
-47 0.430466
-46 0.437089
-45 0.443712
-44 0.450334
-43 0.470202
-42 0.450334
-41 0.423844
-40 0.443712
-39 0.443712
-38 0.443712
-37 0.463579
-36 0.483447
-35 0.450334
-34 0.463579
-33 0.470202
-32 0.476824
-31 0.496692
-30 0.509937
-29 0.51656
-28 0.496692
-27 0.503315
-26 0.509937
-25 0.529805
-24 0.536427
-23 0.503315
-22 0.496692
-21 0.51656
-20 0.51656
-19 0.51656
-18 0.536427
-17 0.549672
-16 0.562918
-15 0.523182
-14 0.549672
-13 0.556295
-12 0.562918
-11 0.582785
-10 0.54305
-9 0.56954
-8 0.562918
-7 0.562918
-6 0.56954
-5 0.56954
-4 0.56954
-3 0.56954
-2 0.549672
-1 0.536427
0 0.589408
1 0.54305
2 0.576163
3 0.576163
4 0.576163
5 0.56954
6 0.56954
7 0.576163
8 0.576163
9 0.576163
10 0.582785
11 0.54305
12 0.549672
13 0.54305
14 0.536427
15 0.54305
16 0.549672
17 0.529805
18 0.549672
19 0.54305
20 0.536427
21 0.562918
22 0.536427
23 0.562918
24 0.523182
25 0.629143
26 0.59603
27 0.350996
28 0.390731
29 0.410599
30 0.456957
31 0.456957
32 0.59603
33 0.549672
34 0.549672
35 0.456957
36 0.337751
37 0.437089
38 0.490069
39 0.59603
40 0.410599
41 0.529805
42 0.298015
43 0.344373
44 0.390731
45 0.384108
46 0.344373
47 0.370863
48 0.370863
49 0.483447
50 0.278148
51 0.503315
52 0.562918
53 0.503315
54 0.384108
55 0.496692
56 0.390731
57 0.350996
58 0.357618
59 0.523182
60 0.417221
61 0.317883
62 0.364241
63 0.384108
64 0.364241
65 0.211922
66 0.218544
67 0.304638
68 0.370863
69 0.377486
70 0.317883
71 0.298015
72 0.278148
73 0.25828
74 0.23179
75 0.238412
76 0.185432
77 0.225167
78 0.218544
79 0.165564
80 0.152319
81 0.158941
82 0.152319
83 0.125829
84 0.119206
85 0.119206
86 0.125829
87 0.119206
88 0.125829
89 0.112584
90 0.105961
91 0.0993384
92 0.105961
93 0.0728482
94 0.0662256
95 0.0662256
96 0.059603
97 0.0331128
98 0.0331128
99 0.0132451
100 0.0198677
101 0.0198677
102 0.0132451
103 0.0132451
104 0.0198677
105 0.0132451
106 0.0264902
107 0.00662256
108 0.00662256
109 0.00662256
110 0.0264902
111 0.0198677
112 0.0264902
113 0.0132451
114 2.60209e-17
115 2.60209e-17
116 2.60209e-17
117 2.60209e-17
118 2.60209e-17
119 2.60209e-17
120 2.60209e-17
121 2.60209e-17
122 2.60209e-17
123 2.60209e-17
124 2.60209e-17
125 2.60209e-17
126 2.60209e-17
#############################



### angle = 132
-126 2.60209e-17
-125 0.0331128
-124 0.0264902
-123 0.0198677
-122 0.0132451
-121 0.0264902
-120 0.0198677
-119 0.0198677
-118 0.0331128
-117 0.0331128
-116 0.0198677
-115 0.0198677
-114 0.0331128
-113 0.0264902
-112 0.0132451
-111 0.0264902
-110 0.0132451
-109 0.0132451
-108 0.0198677
-107 0.00662256
-106 0.0198677
-105 0.0331128
-104 0.0198677
-103 0.0198677
-102 0.0198677
-101 0.0264902
-100 0.0198677
-99 0.0132451
-98 0.00662256
-97 0.0264902
-96 0.0331128
-95 0.0331128
-94 0.0463579
-93 0.0662256
-92 0.0728482
-91 0.0993384
-90 0.0728482
-89 0.0728482
-88 0.0860933
-87 0.0860933
-86 0.0860933
-85 0.0927158
-84 0.119206
-83 0.139074
-82 0.152319
-81 0.165564
-80 0.172187
-79 0.192054
-78 0.172187
-77 0.158941
-76 0.211922
-75 0.245035
-74 0.264902
-73 0.298015
-72 0.278148
-71 0.25828
-70 0.278148
-69 0.304638
-68 0.304638
-67 0.291393
-66 0.298015
-65 0.31126
-64 0.344373
-63 0.357618
-62 0.370863
-61 0.384108
-60 0.397354
-59 0.417221
-58 0.423844
-57 0.423844
-56 0.417221
-55 0.377486
-54 0.390731
-53 0.384108
-52 0.364241
-51 0.317883
-50 0.317883
-49 0.337751
-48 0.364241
-47 0.344373
-46 0.304638
-45 0.331128
-44 0.357618
-43 0.357618
-42 0.324505
-41 0.344373
-40 0.357618
-39 0.377486
-38 0.384108
-37 0.357618
-36 0.390731
-35 0.423844
-34 0.470202
-33 0.503315
-32 0.509937
-31 0.54305
-30 0.576163
-29 0.56954
-28 0.556295
-27 0.562918
-26 0.582785
-25 0.589408
-24 0.609276
-23 0.59603
-22 0.602653
-21 0.635766
-20 0.655633
-19 0.615898
-18 0.635766
-17 0.649011
-16 0.649011
-15 0.655633
-14 0.649011
-13 0.649011
-12 0.642388
-11 0.649011
-10 0.662256
-9 0.642388
-8 0.629143
-7 0.635766
-6 0.649011
-5 0.622521
-4 0.642388
-3 0.629143
-2 0.649011
-1 0.649011
0 0.635766
1 0.649011
2 0.629143
3 0.629143
4 0.629143
5 0.655633
6 0.649011
7 0.662256
8 0.649011
9 0.662256
10 0.668879
11 0.615898
12 0.662256
13 0.675501
14 0.649011
15 0.649011
16 0.655633
17 0.655633
18 0.675501
19 0.682124
20 0.688746
21 0.701991
22 0.582785
23 0.490069
24 0.549672
25 0.490069
26 0.602653
27 0.649011
28 0.629143
29 0.562918
30 0.589408
31 0.642388
32 0.635766
33 0.536427
34 0.423844
35 0.54305
36 0.509937
37 0.51656
38 0.609276
39 0.443712
40 0.23179
41 0.185432
42 0.218544
43 0.198677
44 0.165564
45 0.331128
46 0.370863
47 0.251657
48 0.410599
49 0.317883
50 0.165564
51 0.251657
52 0.331128
53 0.344373
54 0.370863
55 0.298015
56 0.337751
57 0.271525
58 0.271525
59 0.317883
60 0.145696
61 0.145696
62 0.225167
63 0.304638
64 0.298015
65 0.251657
66 0.251657
67 0.264902
68 0.23179
69 0.23179
70 0.238412
71 0.25828
72 0.185432
73 0.23179
74 0.211922
75 0.185432
76 0.172187
77 0.185432
78 0.211922
79 0.192054
80 0.192054
81 0.185432
82 0.178809
83 0.158941
84 0.145696
85 0.145696
86 0.145696
87 0.139074
88 0.125829
89 0.119206
90 0.132451
91 0.119206
92 0.105961
93 0.0927158
94 0.0993384
95 0.0993384
96 0.0860933
97 0.0728482
98 0.0662256
99 0.0463579
100 0.0529805
101 0.059603
102 0.0529805
103 0.0397354
104 0.0264902
105 0.0198677
106 0.0331128
107 0.0198677
108 0.0198677
109 0.0264902
110 0.00662256
111 0.0264902
112 0.0132451
113 0.0331128
114 0.0198677
115 0.0198677
116 0.0264902
117 0.0331128
118 0.0264902
119 0.0198677
120 0.0198677
121 0.0198677
122 0.0264902
123 0.0264902
124 0.0132451
125 2.60209e-17
126 2.60209e-17
#############################



### angle = 138
-126 0.0198677
-125 0.0198677
-124 0.0132451
-123 0.0132451
-122 0.0132451
-121 0.0198677
-120 0.0198677
-119 0.0198677
-118 0.00662256
-117 0.0132451
-116 0.0132451
-115 0.00662256
-114 0.0264902
-113 0.00662256
-112 5.37764e-17
-111 0.0132451
-110 0.0132451
-109 0.0198677
-108 0.0132451
-107 0.0132451
-106 0.0198677
-105 0.0198677
-104 0.0132451
-103 0.0264902
-102 0.0331128
-101 0.0198677
-100 0.0198677
-99 0.0132451
-98 0.0198677
-97 0.0331128
-96 0.0132451
-95 0.0463579
-94 0.0264902
-93 0.0264902
-92 0.0331128
-91 0.0331128
-90 0.0264902
-89 0.0529805
-88 0.059603
-87 0.0662256
-86 0.0860933
-85 0.105961
-84 0.105961
-83 0.152319
-82 0.125829
-81 0.139074
-80 0.119206
-79 0.125829
-78 0.152319
-77 0.185432
-76 0.218544
-75 0.205299
-74 0.218544
-73 0.238412
-72 0.23179
-71 0.25828
-70 0.238412
-69 0.245035
-68 0.264902
-67 0.278148
-66 0.331128
-65 0.344373
-64 0.331128
-63 0.324505
-62 0.31126
-61 0.317883
-60 0.304638
-59 0.31126
-58 0.337751
-57 0.317883
-56 0.317883
-55 0.298015
-54 0.28477
-53 0.264902
-52 0.264902
-51 0.304638
-50 0.298015
-49 0.304638
-48 0.317883
-47 0.317883
-46 0.317883
-45 0.337751
-44 0.331128
-43 0.298015
-42 0.298015
-41 0.304638
-40 0.324505
-39 0.337751
-38 0.337751
-37 0.364241
-36 0.410599
-35 0.437089
-34 0.437089
-33 0.490069
-32 0.51656
-31 0.523182
-30 0.54305
-29 0.576163
-28 0.576163
-27 0.582785
-26 0.622521
-25 0.662256
-24 0.642388
-23 0.682124
-22 0.675501
-21 0.688746
-20 0.688746
-19 0.695369
-18 0.721859
-17 0.735104
-16 0.735104
-15 0.761594
-14 0.768217
-13 0.748349
-12 0.735104
-11 0.741727
-10 0.768217
-9 0.754972
-8 0.735104
-7 0.754972
-6 0.728482
-5 0.735104
-4 0.735104
-3 0.735104
-2 0.708614
-1 0.682124
0 0.721859
1 0.701991
2 0.708614
3 0.701991
4 0.701991
5 0.701991
6 0.688746
7 0.701991
8 0.688746
9 0.708614
10 0.754972
11 0.748349
12 0.715236
13 0.761594
14 0.781462
15 0.754972
16 0.735104
17 0.695369
18 0.682124
19 0.59603
20 0.649011
21 0.708614
22 0.576163
23 0.609276
24 0.682124
25 0.735104
26 0.721859
27 0.721859
28 0.721859
29 0.655633
30 0.54305
31 0.470202
32 0.529805
33 0.456957
34 0.476824
35 0.662256
36 0.476824
37 0.331128
38 0.377486
39 0.384108
40 0.145696
41 0.185432
42 0.225167
43 0.218544
44 0.291393
45 0.139074
46 0.238412
47 0.324505
48 0.364241
49 0.337751
50 0.264902
51 0.225167
52 0.304638
53 0.264902
54 0.218544
55 0.059603
56 0.139074
57 0.238412
58 0.278148
59 0.25828
60 0.225167
61 0.23179
62 0.225167
63 0.218544
64 0.205299
65 0.245035
66 0.185432
67 0.125829
68 0.198677
69 0.192054
70 0.178809
71 0.172187
72 0.145696
73 0.152319
74 0.172187
75 0.165564
76 0.139074
77 0.139074
78 0.139074
79 0.152319
80 0.139074
81 0.152319
82 0.139074
83 0.145696
84 0.145696
85 0.165564
86 0.158941
87 0.145696
88 0.145696
89 0.125829
90 0.139074
91 0.125829
92 0.119206
93 0.105961
94 0.119206
95 0.119206
96 0.0927158
97 0.105961
98 0.0993384
99 0.0993384
100 0.0728482
101 0.0728482
102 0.0794707
103 0.0662256
104 0.0331128
105 0.0331128
106 0.0331128
107 0.0264902
108 0.0331128
109 0.0264902
110 0.0264902
111 0.0331128
112 0.00662256
113 0.0264902
114 0.0198677
115 0.0198677
116 0.0198677
117 0.0132451
118 0.0132451
119 0.0264902
120 0.0132451
121 0.00662256
122 0.0264902
123 0.0198677
124 0.0198677
125 0.0264902
126 0.0264902
#############################



### angle = 144
-126 0.0132451
-125 1.21431e-17
-124 0.0132451
-123 0.0198677
-122 0.0331128
-121 0.0132451
-120 0.0132451
-119 0.0132451
-118 0.00662256
-117 0.0132451
-116 0.0264902
-115 0.0132451
-114 0.0132451
-113 0.0198677
-112 0.0132451
-111 0.0132451
-110 0.00662256
-109 0.00662256
-108 0.00662256
-107 0.0132451
-106 0.00662256
-105 0.0198677
-104 0.0132451
-103 0.0198677
-102 0.0198677
-101 0.0132451
-100 0.0264902
-99 0.0198677
-98 0.0264902
-97 0.0463579
-96 0.0132451
-95 0.0331128
-94 0.0198677
-93 0.0198677
-92 0.0198677
-91 0.0132451
-90 0.0264902
-89 0.0397354
-88 0.0264902
-87 0.0264902
-86 0.0331128
-85 0.0529805
-84 0.0331128
-83 0.0794707
-82 0.0728482
-81 0.0927158
-80 0.0794707
-79 0.105961
-78 0.139074
-77 0.165564
-76 0.158941
-75 0.185432
-74 0.178809
-73 0.205299
-72 0.211922
-71 0.225167
-70 0.225167
-69 0.251657
-68 0.245035
-67 0.264902
-66 0.28477
-65 0.278148
-64 0.251657
-63 0.271525
-62 0.264902
-61 0.278148
-60 0.278148
-59 0.271525
-58 0.298015
-57 0.271525
-56 0.251657
-55 0.225167
-54 0.218544
-53 0.238412
-52 0.245035
-51 0.251657
-50 0.25828
-49 0.324505
-48 0.31126
-47 0.31126
-46 0.331128
-45 0.384108
-44 0.397354
-43 0.397354
-42 0.397354
-41 0.390731
-40 0.423844
-39 0.423844
-38 0.483447
-37 0.483447
-36 0.483447
-35 0.529805
-34 0.536427
-33 0.529805
-32 0.59603
-31 0.589408
-30 0.609276
-29 0.629143
-28 0.622521
-27 0.662256
-26 0.662256
-25 0.655633
-24 0.688746
-23 0.682124
-22 0.708614
-21 0.721859
-20 0.735104
-19 0.741727
-18 0.754972
-17 0.741727
-16 0.721859
-15 0.741727
-14 0.761594
-13 0.781462
-12 0.768217
-11 0.741727
-10 0.735104
-9 0.761594
-8 0.741727
-7 0.728482
-6 0.741727
-5 0.708614
-4 0.748349
-3 0.735104
-2 0.721859
-1 0.728482
0 0.701991
1 0.728482
2 0.721859
3 0.741727
4 0.741727
5 0.741727
6 0.721859
7 0.768217
8 0.788085
9 0.748349
10 0.77484
11 0.695369
12 0.701991
13 0.754972
14 0.754972
15 0.609276
16 0.748349
17 0.701991
18 0.615898
19 0.741727
20 0.735104
21 0.741727
22 0.715236
23 0.675501
24 0.761594
25 0.59603
26 0.649011
27 0.682124
28 0.536427
29 0.357618
30 0.370863
31 0.688746
32 0.54305
33 0.59603
34 0.529805
35 0.390731
36 0.278148
37 0.437089
38 0.370863
39 0.331128
40 0.211922
41 0.198677
42 0.377486
43 0.483447
44 0.370863
45 0.251657
46 0.25828
47 0.331128
48 0.25828
49 0.0662256
50 0.158941
51 0.278148
52 0.291393
53 0.291393
54 0.23179
55 0.225167
56 0.23179
57 0.205299
58 0.23179
59 0.225167
60 0.225167
61 0.192054
62 0.178809
63 0.23179
64 0.218544
65 0.172187
66 0.205299
67 0.145696
68 0.165564
69 0.132451
70 0.139074
71 0.145696
72 0.152319
73 0.145696
74 0.139074
75 0.139074
76 0.132451
77 0.119206
78 0.125829
79 0.139074
80 0.125829
81 0.132451
82 0.132451
83 0.145696
84 0.132451
85 0.145696
86 0.139074
87 0.139074
88 0.139074
89 0.145696
90 0.145696
91 0.132451
92 0.139074
93 0.139074
94 0.119206
95 0.139074
96 0.125829
97 0.119206
98 0.0927158
99 0.105961
100 0.0860933
101 0.0794707
102 0.0794707
103 0.0728482
104 0.059603
105 0.0331128
106 0.0331128
107 0.0198677
108 0.0198677
109 0.0198677
110 0.0264902
111 0.0132451
112 0.0264902
113 0.0331128
114 0.0198677
115 0.0198677
116 0.0264902
117 0.0132451
118 0.0132451
119 0.0132451
120 0.0132451
121 0.00662256
122 0.0132451
123 0.00662256
124 2.60209e-17
125 0.00662256
126 1.21431e-17
#############################



### angle = 150
-126 1.21431e-17
-125 2.60209e-17
-124 0.00662256
-123 0.0132451
-122 0.0132451
-121 0.00662256
-120 0.0132451
-119 0.0198677
-118 0.00662256
-117 0.0132451
-116 0.0198677
-115 0.0198677
-114 0.00662256
-113 0.00662256
-112 0.00662256
-111 0.00662256
-110 0.00662256
-109 2.60209e-17
-108 0.00662256
-107 0.00662256
-106 0.0198677
-105 0.0331128
-104 0.0132451
-103 2.60209e-17
-102 0.0264902
-101 0.0132451
-100 0.0331128
-99 0.0397354
-98 0.0132451
-97 0.0331128
-96 0.0264902
-95 0.0264902
-94 0.0264902
-93 0.0264902
-92 0.0264902
-91 0.0132451
-90 0.0397354
-89 0.0132451
-88 0.0264902
-87 0.00662256
-86 0.00662256
-85 0.0198677
-84 0.0331128
-83 0.0264902
-82 0.0331128
-81 0.0662256
-80 0.0927158
-79 0.0794707
-78 0.0728482
-77 0.0794707
-76 0.112584
-75 0.132451
-74 0.152319
-73 0.165564
-72 0.185432
-71 0.225167
-70 0.238412
-69 0.264902
-68 0.23179
-67 0.238412
-66 0.238412
-65 0.25828
-64 0.245035
-63 0.251657
-62 0.251657
-61 0.25828
-60 0.245035
-59 0.25828
-58 0.251657
-57 0.238412
-56 0.225167
-55 0.225167
-54 0.251657
-53 0.291393
-52 0.28477
-51 0.304638
-50 0.31126
-49 0.377486
-48 0.344373
-47 0.364241
-46 0.384108
-45 0.417221
-44 0.403976
-43 0.417221
-42 0.456957
-41 0.437089
-40 0.423844
-39 0.443712
-38 0.450334
-37 0.490069
-36 0.523182
-35 0.536427
-34 0.576163
-33 0.602653
-32 0.649011
-31 0.615898
-30 0.701991
-29 0.688746
-28 0.655633
-27 0.708614
-26 0.682124
-25 0.708614
-24 0.708614
-23 0.708614
-22 0.741727
-21 0.748349
-20 0.735104
-19 0.708614
-18 0.735104
-17 0.754972
-16 0.748349
-15 0.754972
-14 0.741727
-13 0.728482
-12 0.735104
-11 0.741727
-10 0.754972
-9 0.794707
-8 0.788085
-7 0.794707
-6 0.788085
-5 0.781462
-4 0.768217
-3 0.761594
-2 0.754972
-1 0.761594
0 0.77484
1 0.77484
2 0.768217
3 0.807952
4 0.788085
5 0.768217
6 0.715236
7 0.721859
8 0.695369
9 0.728482
10 0.609276
11 0.56954
12 0.768217
13 0.814575
14 0.708614
15 0.615898
16 0.741727
17 0.768217
18 0.675501
19 0.655633
20 0.556295
21 0.635766
22 0.675501
23 0.728482
24 0.622521
25 0.496692
26 0.503315
27 0.437089
28 0.377486
29 0.688746
30 0.417221
31 0.54305
32 0.54305
33 0.529805
34 0.377486
35 0.483447
36 0.523182
37 0.443712
38 0.317883
39 0.324505
40 0.192054
41 0.384108
42 0.417221
43 0.125829
44 0.298015
45 0.317883
46 0.370863
47 0.317883
48 0.31126
49 0.28477
50 0.28477
51 0.271525
52 0.278148
53 0.251657
54 0.218544
55 0.185432
56 0.192054
57 0.23179
58 0.218544
59 0.152319
60 0.172187
61 0.178809
62 0.125829
63 0.165564
64 0.145696
65 0.165564
66 0.178809
67 0.178809
68 0.172187
69 0.185432
70 0.172187
71 0.178809
72 0.178809
73 0.178809
74 0.172187
75 0.165564
76 0.165564
77 0.158941
78 0.158941
79 0.158941
80 0.165564
81 0.165564
82 0.152319
83 0.152319
84 0.145696
85 0.139074
86 0.158941
87 0.125829
88 0.145696
89 0.132451
90 0.145696
91 0.139074
92 0.119206
93 0.132451
94 0.125829
95 0.132451
96 0.132451
97 0.139074
98 0.125829
99 0.139074
100 0.105961
101 0.125829
102 0.0993384
103 0.0860933
104 0.0662256
105 0.0331128
106 0.0331128
107 0.0132451
108 2.60209e-17
109 0.0132451
110 2.60209e-17
111 0.0132451
112 0.00662256
113 0.0132451
114 0.00662256
115 2.60209e-17
116 0.00662256
117 2.60209e-17
118 2.60209e-17
119 0.00662256
120 0.0132451
121 0.0132451
122 0.0132451
123 0.0198677
124 0.0198677
125 0.0132451
126 0.00662256
#############################



### angle = 156
-126 2.60209e-17
-125 1.21431e-17
-124 2.60209e-17
-123 0.0132451
-122 0.0132451
-121 0.00662256
-120 2.60209e-17
-119 1.21431e-17
-118 0.0132451
-117 0.0132451
-116 0.00662256
-115 0.00662256
-114 0.0132451
-113 1.21431e-17
-112 2.60209e-17
-111 0.00662256
-110 0.00662256
-109 0.00662256
-108 0.0132451
-107 0.0132451
-106 0.0132451
-105 2.60209e-17
-104 2.60209e-17
-103 0.0132451
-102 0.0331128
-101 0.0397354
-100 0.0463579
-99 0.0463579
-98 0.0529805
-97 0.0529805
-96 0.0397354
-95 0.0264902
-94 0.0198677
-93 0.0264902
-92 0.0264902
-91 0.0331128
-90 0.0132451
-89 0.0132451
-88 0.0198677
-87 0.0132451
-86 0.0198677
-85 0.0198677
-84 0.0198677
-83 0.0264902
-82 0.059603
-81 0.0728482
-80 0.0927158
-79 0.112584
-78 0.0927158
-77 0.0993384
-76 0.0927158
-75 0.0860933
-74 0.0927158
-73 0.119206
-72 0.125829
-71 0.125829
-70 0.125829
-69 0.145696
-68 0.165564
-67 0.198677
-66 0.198677
-65 0.225167
-64 0.218544
-63 0.264902
-62 0.25828
-61 0.251657
-60 0.278148
-59 0.264902
-58 0.271525
-57 0.251657
-56 0.251657
-55 0.245035
-54 0.291393
-53 0.31126
-52 0.344373
-51 0.337751
-50 0.350996
-49 0.364241
-48 0.384108
-47 0.397354
-46 0.423844
-45 0.437089
-44 0.443712
-43 0.450334
-42 0.443712
-41 0.450334
-40 0.437089
-39 0.463579
-38 0.496692
-37 0.529805
-36 0.576163
-35 0.582785
-34 0.602653
-33 0.59603
-32 0.622521
-31 0.615898
-30 0.622521
-29 0.629143
-28 0.635766
-27 0.655633
-26 0.695369
-25 0.708614
-24 0.715236
-23 0.754972
-22 0.728482
-21 0.741727
-20 0.735104
-19 0.728482
-18 0.761594
-17 0.761594
-16 0.754972
-15 0.781462
-14 0.794707
-13 0.781462
-12 0.788085
-11 0.794707
-10 0.761594
-9 0.814575
-8 0.781462
-7 0.788085
-6 0.794707
-5 0.807952
-4 0.847688
-3 0.847688
-2 0.85431
-1 0.807952
0 0.754972
1 0.807952
2 0.662256
3 0.794707
4 0.582785
5 0.649011
6 0.741727
7 0.748349
8 0.85431
9 0.675501
10 0.688746
11 0.655633
12 0.748349
13 0.821197
14 0.675501
15 0.675501
16 0.688746
17 0.649011
18 0.761594
19 0.56954
20 0.622521
21 0.483447
22 0.390731
23 0.523182
24 0.662256
25 0.56954
26 0.708614
27 0.463579
28 0.483447
29 0.430466
30 0.589408
31 0.536427
32 0.390731
33 0.430466
34 0.635766
35 0.483447
36 0.291393
37 0.178809
38 0.298015
39 0.397354
40 0.384108
41 0.28477
42 0.337751
43 0.377486
44 0.357618
45 0.357618
46 0.317883
47 0.337751
48 0.337751
49 0.205299
50 0.298015
51 0.25828
52 0.245035
53 0.245035
54 0.245035
55 0.218544
56 0.205299
57 0.152319
58 0.158941
59 0.145696
60 0.152319
61 0.172187
62 0.145696
63 0.158941
64 0.165564
65 0.158941
66 0.185432
67 0.178809
68 0.165564
69 0.172187
70 0.178809
71 0.172187
72 0.178809
73 0.165564
74 0.165564
75 0.158941
76 0.165564
77 0.165564
78 0.145696
79 0.145696
80 0.158941
81 0.139074
82 0.145696
83 0.152319
84 0.145696
85 0.158941
86 0.152319
87 0.139074
88 0.145696
89 0.145696
90 0.145696
91 0.158941
92 0.139074
93 0.139074
94 0.132451
95 0.132451
96 0.125829
97 0.139074
98 0.125829
99 0.119206
100 0.132451
101 0.125829
102 0.139074
103 0.119206
104 0.105961
105 0.0794707
106 0.059603
107 0.0198677
108 2.60209e-17
109 0.00662256
110 0.00662256
111 0.0132451
112 0.0132451
113 0.0198677
114 0.0132451
115 0.0198677
116 0.0198677
117 0.0264902
118 0.0331128
119 0.0198677
120 0.00662256
121 0.00662256
122 2.60209e-17
123 1.21431e-17
124 1.21431e-17
125 2.60209e-17
126 1.21431e-17
#############################



### angle = 162
-126 0.00662256
-125 0.0198677
-124 2.60209e-17
-123 2.60209e-17
-122 0.0264902
-121 0.00662256
-120 0.0132451
-119 0.0397354
-118 0.0331128
-117 0.0198677
-116 0.0264902
-115 0.0264902
-114 0.0198677
-113 0.0198677
-112 0.0198677
-111 0.00662256
-110 0.00662256
-109 0.00662256
-108 0.0132451
-107 0.0132451
-106 0.0198677
-105 0.0132451
-104 0.0132451
-103 0.0132451
-102 0.0198677
-101 0.0132451
-100 0.0198677
-99 0.0132451
-98 0.0198677
-97 0.0198677
-96 0.0264902
-95 0.0264902
-94 0.0198677
-93 0.0264902
-92 0.0264902
-91 0.0132451
-90 0.0198677
-89 0.0264902
-88 0.0264902
-87 0.0198677
-86 0.0463579
-85 0.0264902
-84 0.0264902
-83 0.0529805
-82 0.0463579
-81 0.0860933
-80 0.0927158
-79 0.105961
-78 0.0794707
-77 0.112584
-76 0.105961
-75 0.112584
-74 0.145696
-73 0.105961
-72 0.0927158
-71 0.139074
-70 0.165564
-69 0.158941
-68 0.165564
-67 0.185432
-66 0.192054
-65 0.192054
-64 0.225167
-63 0.205299
-62 0.192054
-61 0.211922
-60 0.225167
-59 0.238412
-58 0.238412
-57 0.264902
-56 0.264902
-55 0.278148
-54 0.291393
-53 0.324505
-52 0.350996
-51 0.331128
-50 0.337751
-49 0.410599
-48 0.390731
-47 0.377486
-46 0.384108
-45 0.370863
-44 0.370863
-43 0.410599
-42 0.410599
-41 0.423844
-40 0.456957
-39 0.509937
-38 0.549672
-37 0.562918
-36 0.576163
-35 0.576163
-34 0.602653
-33 0.609276
-32 0.622521
-31 0.649011
-30 0.635766
-29 0.668879
-28 0.635766
-27 0.682124
-26 0.721859
-25 0.701991
-24 0.735104
-23 0.721859
-22 0.721859
-21 0.754972
-20 0.754972
-19 0.735104
-18 0.748349
-17 0.728482
-16 0.735104
-15 0.77484
-14 0.80133
-13 0.77484
-12 0.82782
-11 0.80133
-10 0.788085
-9 0.82782
-8 0.814575
-7 0.847688
-6 0.77484
-5 0.867555
-4 0.761594
-3 0.728482
-2 0.682124
-1 0.682124
0 0.701991
1 0.8808
2 0.788085
3 0.860933
4 0.768217
5 0.788085
6 0.721859
7 0.748349
8 0.821197
9 0.741727
10 0.675501
11 0.715236
12 0.708614
13 0.682124
14 0.582785
15 0.728482
16 0.668879
17 0.609276
18 0.54305
19 0.589408
20 0.668879
21 0.582785
22 0.668879
23 0.635766
24 0.576163
25 0.384108
26 0.437089
27 0.476824
28 0.635766
29 0.390731
30 0.503315
31 0.735104
32 0.562918
33 0.417221
34 0.430466
35 0.324505
36 0.278148
37 0.417221
38 0.357618
39 0.291393
40 0.483447
41 0.350996
42 0.344373
43 0.357618
44 0.377486
45 0.304638
46 0.278148
47 0.298015
48 0.251657
49 0.298015
50 0.211922
51 0.198677
52 0.211922
53 0.198677
54 0.198677
55 0.192054
56 0.192054
57 0.198677
58 0.211922
59 0.178809
60 0.172187
61 0.178809
62 0.172187
63 0.178809
64 0.172187
65 0.158941
66 0.165564
67 0.152319
68 0.158941
69 0.152319
70 0.158941
71 0.145696
72 0.145696
73 0.145696
74 0.152319
75 0.125829
76 0.158941
77 0.145696
78 0.139074
79 0.119206
80 0.119206
81 0.125829
82 0.132451
83 0.132451
84 0.125829
85 0.125829
86 0.139074
87 0.132451
88 0.139074
89 0.139074
90 0.145696
91 0.145696
92 0.139074
93 0.145696
94 0.158941
95 0.139074
96 0.139074
97 0.139074
98 0.152319
99 0.145696
100 0.139074
101 0.145696
102 0.145696
103 0.139074
104 0.105961
105 0.0993384
106 0.0728482
107 0.0397354
108 0.0264902
109 0.0264902
110 0.0198677
111 0.0198677
112 0.0331128
113 0.0198677
114 0.0331128
115 0.0331128
116 0.059603
117 0.0331128
118 0.0264902
119 0.0264902
120 0.0198677
121 0.0331128
122 0.0198677
123 0.0264902
124 0.0132451
125 0.0132451
126 0.0198677
#############################



### angle = 168
-126 0.0132451
-125 0.0198677
-124 0.0132451
-123 0.0264902
-122 0.00662256
-121 0.0198677
-120 0.0198677
-119 0.00662256
-118 0.0198677
-117 0.0132451
-116 0.0132451
-115 0.0132451
-114 0.0132451
-113 0.0132451
-112 5.37764e-17
-111 0.0264902
-110 0.00662256
-109 0.0198677
-108 0.00662256
-107 0.0198677
-106 0.00662256
-105 0.0198677
-104 0.0264902
-103 0.00662256
-102 0.0132451
-101 0.0132451
-100 0.0198677
-99 0.0132451
-98 0.0132451
-97 0.0132451
-96 0.0198677
-95 0.0264902
-94 0.0397354
-93 0.0264902
-92 0.0331128
-91 0.0264902
-90 0.0264902
-89 0.0529805
-88 0.0331128
-87 0.0264902
-86 0.0331128
-85 0.0331128
-84 0.0463579
-83 0.0529805
-82 0.059603
-81 0.0860933
-80 0.0927158
-79 0.105961
-78 0.119206
-77 0.119206
-76 0.132451
-75 0.158941
-74 0.178809
-73 0.185432
-72 0.198677
-71 0.218544
-70 0.238412
-69 0.225167
-68 0.218544
-67 0.238412
-66 0.23179
-65 0.251657
-64 0.25828
-63 0.271525
-62 0.278148
-61 0.271525
-60 0.251657
-59 0.245035
-58 0.238412
-57 0.23179
-56 0.198677
-55 0.178809
-54 0.172187
-53 0.211922
-52 0.25828
-51 0.245035
-50 0.304638
-49 0.317883
-48 0.337751
-47 0.324505
-46 0.350996
-45 0.350996
-44 0.324505
-43 0.344373
-42 0.397354
-41 0.410599
-40 0.476824
-39 0.503315
-38 0.529805
-37 0.549672
-36 0.56954
-35 0.576163
-34 0.582785
-33 0.615898
-32 0.655633
-31 0.655633
-30 0.655633
-29 0.655633
-28 0.682124
-27 0.682124
-26 0.715236
-25 0.688746
-24 0.708614
-23 0.715236
-22 0.735104
-21 0.754972
-20 0.761594
-19 0.761594
-18 0.781462
-17 0.754972
-16 0.77484
-15 0.748349
-14 0.794707
-13 0.761594
-12 0.682124
-11 0.741727
-10 0.761594
-9 0.761594
-8 0.562918
-7 0.688746
-6 0.728482
-5 0.741727
-4 0.788085
-3 0.781462
-2 0.794707
-1 0.741727
0 0.860933
1 0.748349
2 0.794707
3 0.748349
4 0.741727
5 0.807952
6 0.715236
7 0.80133
8 0.768217
9 0.735104
10 0.80133
11 0.85431
12 0.629143
13 0.675501
14 0.807952
15 0.708614
16 0.649011
17 0.668879
18 0.523182
19 0.443712
20 0.622521
21 0.814575
22 0.490069
23 0.390731
24 0.635766
25 0.523182
26 0.589408
27 0.662256
28 0.668879
29 0.609276
30 0.31126
31 0.456957
32 0.384108
33 0.31126
34 0.331128
35 0.298015
36 0.437089
37 0.430466
38 0.384108
39 0.397354
40 0.364241
41 0.390731
42 0.291393
43 0.278148
44 0.245035
45 0.251657
46 0.238412
47 0.25828
48 0.264902
49 0.264902
50 0.278148
51 0.245035
52 0.251657
53 0.251657
54 0.238412
55 0.218544
56 0.225167
57 0.205299
58 0.211922
59 0.205299
60 0.172187
61 0.185432
62 0.172187
63 0.172187
64 0.152319
65 0.152319
66 0.145696
67 0.172187
68 0.165564
69 0.132451
70 0.158941
71 0.152319
72 0.125829
73 0.139074
74 0.132451
75 0.145696
76 0.132451
77 0.145696
78 0.145696
79 0.152319
80 0.139074
81 0.145696
82 0.165564
83 0.132451
84 0.139074
85 0.152319
86 0.165564
87 0.132451
88 0.152319
89 0.158941
90 0.145696
91 0.158941
92 0.158941
93 0.158941
94 0.158941
95 0.152319
96 0.152319
97 0.158941
98 0.145696
99 0.158941
100 0.145696
101 0.145696
102 0.125829
103 0.125829
104 0.112584
105 0.0993384
106 0.0794707
107 0.0662256
108 0.0463579
109 0.0463579
110 0.0331128
111 0.0397354
112 0.0264902
113 0.0198677
114 0.0198677
115 0.0264902
116 0.0331128
117 0.0397354
118 0.0264902
119 0.0397354
120 0.0397354
121 0.0397354
122 0.0331128
123 0.0331128
124 0.0264902
125 0.0397354
126 0.0397354
#############################



### angle = 174
-126 0.0264902
-125 0.0198677
-124 0.0132451
-123 0.00662256
-122 0.0198677
-121 0.0198677
-120 0.00662256
-119 0.0132451
-118 0.0132451
-117 0.0198677
-116 0.00662256
-115 0.00662256
-114 0.0198677
-113 0.0198677
-112 0.00662256
-111 0.0132451
-110 0.00662256
-109 0.0264902
-108 0.0132451
-107 0.0132451
-106 0.0132451
-105 0.0264902
-104 0.0198677
-103 0.00662256
-102 0.0198677
-101 0.0264902
-100 0.00662256
-99 0.0264902
-98 0.0198677
-97 0.0198677
-96 0.0264902
-95 0.0198677
-94 0.0331128
-93 0.0264902
-92 0.0132451
-91 0.0463579
-90 0.0331128
-89 0.0198677
-88 0.0397354
-87 0.0331128
-86 0.0463579
-85 0.0728482
-84 0.059603
-83 0.0794707
-82 0.0860933
-81 0.0993384
-80 0.125829
-79 0.152319
-78 0.152319
-77 0.132451
-76 0.172187
-75 0.185432
-74 0.178809
-73 0.172187
-72 0.225167
-71 0.25828
-70 0.28477
-69 0.304638
-68 0.31126
-67 0.324505
-66 0.317883
-65 0.317883
-64 0.31126
-63 0.324505
-62 0.324505
-61 0.337751
-60 0.324505
-59 0.350996
-58 0.331128
-57 0.317883
-56 0.331128
-55 0.31126
-54 0.298015
-53 0.291393
-52 0.31126
-51 0.317883
-50 0.357618
-49 0.331128
-48 0.337751
-47 0.31126
-46 0.31126
-45 0.271525
-44 0.264902
-43 0.238412
-42 0.211922
-41 0.337751
-40 0.377486
-39 0.417221
-38 0.443712
-37 0.529805
-36 0.536427
-35 0.582785
-34 0.622521
-33 0.635766
-32 0.662256
-31 0.682124
-30 0.682124
-29 0.721859
-28 0.761594
-27 0.781462
-26 0.701991
-25 0.695369
-24 0.715236
-23 0.701991
-22 0.688746
-21 0.715236
-20 0.715236
-19 0.708614
-18 0.675501
-17 0.668879
-16 0.77484
-15 0.503315
-14 0.54305
-13 0.59603
-12 0.609276
-11 0.556295
-10 0.728482
-9 0.735104
-8 0.708614
-7 0.662256
-6 0.741727
-5 0.655633
-4 0.682124
-3 0.615898
-2 0.748349
-1 0.701991
0 0.721859
1 0.635766
2 0.549672
3 0.582785
4 0.701991
5 0.821197
6 0.56954
7 0.615898
8 0.715236
9 0.688746
10 0.56954
11 0.483447
12 0.682124
13 0.754972
14 0.662256
15 0.51656
16 0.529805
17 0.748349
18 0.77484
19 0.701991
20 0.695369
21 0.602653
22 0.708614
23 0.814575
24 0.715236
25 0.708614
26 0.56954
27 0.496692
28 0.470202
29 0.496692
30 0.430466
31 0.410599
32 0.390731
33 0.51656
34 0.450334
35 0.397354
36 0.31126
37 0.298015
38 0.331128
39 0.291393
40 0.304638
41 0.28477
42 0.28477
43 0.298015
44 0.291393
45 0.291393
46 0.28477
47 0.271525
48 0.28477
49 0.298015
50 0.298015
51 0.298015
52 0.264902
53 0.28477
54 0.251657
55 0.271525
56 0.278148
57 0.238412
58 0.238412
59 0.238412
60 0.238412
61 0.238412
62 0.225167
63 0.238412
64 0.225167
65 0.211922
66 0.211922
67 0.211922
68 0.198677
69 0.192054
70 0.192054
71 0.198677
72 0.192054
73 0.192054
74 0.185432
75 0.178809
76 0.178809
77 0.172187
78 0.172187
79 0.172187
80 0.172187
81 0.185432
82 0.165564
83 0.172187
84 0.165564
85 0.172187
86 0.192054
87 0.165564
88 0.178809
89 0.172187
90 0.178809
91 0.185432
92 0.185432
93 0.158941
94 0.165564
95 0.152319
96 0.139074
97 0.132451
98 0.112584
99 0.139074
100 0.112584
101 0.105961
102 0.112584
103 0.119206
104 0.0794707
105 0.0794707
106 0.059603
107 0.0529805
108 0.0331128
109 0.0397354
110 0.0397354
111 0.0331128
112 0.0264902
113 0.0331128
114 0.0264902
115 0.0198677
116 0.0198677
117 0.0132451
118 0.0198677
119 0.00662256
120 0.0132451
121 0.0198677
122 0.00662256
123 0.0132451
124 0.00662256
125 0.00662256
126 0.0993384
#############################



