0  50
0  88
0  89
0  100
0  102
0  103
0  104
1  77
1  78
1  100
1  101
1  111
2  62
2  101
3  77
3  79
3  101
4  52
4  77
4  81
4  108
5  52
5  53
5  77
5  98
6  77
6  81
6  97
6  108
7  77
7  81
7  100
7  107
8  53
8  76
8  108
9  83
9  100
9  108
10  55
10  77
10  97
11  66
11  97
12  66
12  76
12  98
12  113
13  76
13  113
14  76
14  95
14  108
15  76
15  93
16  94
16  220
17  95
17  220
18  77
18  109
18  114
18  221
19  77
19  109
20  79
20  92
20  117
21  115
21  116
21  117
22  89
22  93
22  97
22  115
22  119
23  89
23  98
23  116
23  222
24  96
24  98
24  116
25  107
25  117
26  68
26  91
26  116
26  117
27  95
28  97
29  94
29  96
29  148
30  95
30  96
30  115
30  121
30  147
31  88
31  96
31  105
31  109
31  116
31  120
31  122
31  148
32  84
32  96
32  101
32  106
32  115
32  116
32  120
32  154
33  92
33  101
33  107
33  121
33  123
34  93
34  96
34  106
34  118
34  124
34  143
34  147
34  151
35  116
35  117
35  123
35  125
35  141
35  147
35  148
35  149
36  117
36  122
36  123
36  125
36  130
36  142
36  146
36  147
36  148
36  149
37  100
37  101
37  102
37  125
37  130
37  141
37  145
37  147
37  148
37  159
37  162
37  163
37  169
38  77
38  101
38  118
38  120
38  125
38  129
38  130
38  131
38  141
38  144
38  147
38  148
38  160
38  163
39  77
39  81
39  101
39  103
39  120
39  121
39  122
39  129
39  130
39  144
39  146
39  147
39  148
39  159
39  161
40  78
40  104
40  111
40  119
40  120
40  121
40  130
40  131
40  144
40  145
40  147
40  161
40  167
41  80
41  103
41  110
41  111
41  113
41  119
41  120
41  124
41  130
41  131
41  150
41  151
41  152
41  160
41  167
42  95
42  103
42  105
42  106
42  113
42  118
42  119
42  120
42  121
42  122
42  123
42  147
42  149
42  161
42  165
43  78
43  110
43  117
43  118
43  119
43  122
43  125
43  128
43  129
43  134
43  140
43  141
43  146
43  149
43  184
44  79
44  94
44  95
44  103
44  105
44  116
44  120
44  121
44  123
44  125
44  126
44  127
44  128
44  140
44  141
44  148
44  149
44  181
44  182
44  183
45  89
45  90
45  94
45  96
45  106
45  108
45  109
45  110
45  115
45  120
45  123
45  126
45  128
45  129
45  130
45  131
45  134
45  141
45  148
45  149
45  160
45  181
45  184
46  79
46  87
46  95
46  99
46  100
46  102
46  104
46  105
46  106
46  107
46  108
46  109
46  110
46  111
46  112
46  116
46  121
46  128
46  129
46  130
46  133
46  134
46  148
46  149
46  150
46  178
46  181
46  183
47  92
47  94
47  106
47  109
47  110
47  111
47  116
47  117
47  124
47  125
47  127
47  128
47  129
47  130
47  131
47  132
47  134
47  144
47  148
47  160
47  161
47  164
47  172
47  177
47  178
47  180
47  189
48  102
48  110
48  111
48  116
48  117
48  125
48  127
48  128
48  129
48  131
48  133
48  135
48  136
48  143
48  145
48  146
48  149
48  153
48  168
48  169
48  178
48  180
48  181
48  188
48  190
48  191
49  92
49  103
49  105
49  110
49  111
49  112
49  116
49  117
49  118
49  127
49  128
49  129
49  131
49  134
49  135
49  136
49  145
49  147
49  166
49  169
49  178
49  179
49  184
49  188
50  89
50  92
50  98
50  100
50  104
50  106
50  110
50  111
50  113
50  117
50  118
50  123
50  124
50  125
50  127
50  128
50  129
50  130
50  133
50  134
50  135
50  137
50  147
50  153
50  161
50  162
50  188
51  89
51  91
51  92
51  93
51  94
51  95
51  96
51  99
51  104
51  111
51  113
51  115
51  116
51  117
51  118
51  119
51  122
51  123
51  124
51  125
51  126
51  128
51  129
51  132
51  133
51  134
51  135
51  149
51  152
51  160
51  163
51  180
52  91
52  99
52  100
52  102
52  104
52  105
52  107
52  109
52  110
52  111
52  112
52  114
52  118
52  121
52  122
52  123
52  125
52  127
52  128
52  129
52  131
52  132
52  133
52  134
52  135
52  136
52  146
52  150
52  152
52  153
52  157
52  163
52  166
52  167
52  187
52  189
53  92
53  94
53  100
53  101
53  103
53  105
53  106
53  107
53  110
53  111
53  117
53  119
53  123
53  124
53  125
53  126
53  127
53  128
53  132
53  133
53  134
53  135
53  136
53  149
53  150
53  151
53  155
53  161
53  163
53  164
53  165
53  174
53  175
53  177
53  179
53  180
53  183
53  184
53  186
53  187
53  188
54  100
54  101
54  102
54  103
54  105
54  107
54  110
54  111
54  112
54  113
54  115
54  116
54  119
54  122
54  123
54  124
54  125
54  126
54  127
54  128
54  130
54  131
54  132
54  133
54  134
54  135
54  136
54  137
54  145
54  149
54  150
54  151
54  159
54  160
54  161
54  162
54  163
54  164
54  178
54  181
54  186
55  94
55  95
55  100
55  103
55  108
55  111
55  112
55  113
55  114
55  118
55  120
55  121
55  123
55  124
55  125
55  126
55  127
55  128
55  129
55  132
55  133
55  134
55  135
55  136
55  137
55  148
55  149
55  150
55  157
55  158
55  159
55  160
55  161
55  162
55  164
55  165
55  166
55  170
55  179
55  180
55  182
55  185
56  82
56  93
56  94
56  95
56  96
56  97
56  98
56  100
56  103
56  104
56  105
56  106
56  111
56  112
56  115
56  116
56  118
56  119
56  120
56  123
56  124
56  125
56  126
56  127
56  128
56  130
56  132
56  133
56  134
56  135
56  136
56  142
56  145
56  149
56  159
56  162
56  163
56  173
56  176
56  179
56  180
56  183
56  184
56  203
57  83
57  90
57  91
57  92
57  95
57  96
57  97
57  102
57  103
57  104
57  105
57  106
57  110
57  111
57  112
57  118
57  119
57  120
57  121
57  122
57  123
57  125
57  126
57  127
57  128
57  129
57  130
57  131
57  132
57  133
57  134
57  135
57  136
57  137
57  145
57  149
57  157
57  160
57  161
57  162
57  167
57  176
57  178
57  179
57  182
57  184
58  90
58  95
58  96
58  97
58  99
58  100
58  101
58  102
58  103
58  104
58  105
58  108
58  110
58  117
58  118
58  119
58  120
58  121
58  122
58  125
58  126
58  127
58  128
58  129
58  130
58  131
58  133
58  134
58  135
58  136
58  142
58  143
58  144
58  147
58  148
58  149
58  150
58  153
58  157
58  160
58  161
58  163
58  166
58  177
58  178
58  185
58  202
59  82
59  84
59  90
59  91
59  100
59  101
59  102
59  103
59  104
59  106
59  111
59  119
59  120
59  121
59  122
59  123
59  126
59  127
59  128
59  129
59  130
59  131
59  132
59  134
59  135
59  136
59  137
59  138
59  142
59  143
59  144
59  146
59  147
59  148
59  149
59  150
59  151
59  156
59  161
59  162
59  163
59  176
59  183
59  198
59  199
59  200
59  201
60  80
60  89
60  90
60  91
60  92
60  96
60  97
60  99
60  100
60  101
60  102
60  103
60  104
60  105
60  106
60  107
60  108
60  118
60  119
60  120
60  121
60  122
60  123
60  126
60  127
60  128
60  129
60  131
60  133
60  135
60  136
60  142
60  143
60  146
60  147
60  148
60  149
60  150
60  151
60  159
60  161
60  162
60  167
60  185
60  190
60  199
60  236
61  73
61  75
61  85
61  87
61  88
61  91
61  93
61  100
61  102
61  103
61  105
61  106
61  107
61  108
61  119
61  120
61  122
61  126
61  127
61  128
61  129
61  132
61  133
61  135
61  136
61  141
61  142
61  143
61  144
61  146
61  147
61  148
61  149
61  150
61  151
61  156
61  158
61  160
61  165
61  176
61  178
61  182
61  198
62  73
62  89
62  95
62  97
62  101
62  102
62  103
62  104
62  106
62  107
62  108
62  111
62  112
62  116
62  118
62  119
62  121
62  122
62  123
62  128
62  132
62  133
62  135
62  136
62  137
62  141
62  145
62  146
62  147
62  148
62  149
62  150
62  151
62  153
62  156
62  160
62  161
62  162
62  163
62  164
62  165
62  173
62  177
62  179
62  184
63  73
63  79
63  81
63  86
63  89
63  99
63  100
63  101
63  103
63  105
63  106
63  107
63  108
63  111
63  112
63  113
63  114
63  116
63  121
63  122
63  123
63  124
63  126
63  127
63  128
63  129
63  130
63  131
63  132
63  134
63  135
63  137
63  138
63  139
63  141
63  142
63  146
63  147
63  149
63  150
63  151
63  152
63  155
63  156
63  157
63  163
63  168
63  173
63  198
63  238
64  75
64  76
64  80
64  81
64  82
64  84
64  89
64  91
64  100
64  103
64  105
64  106
64  107
64  108
64  109
64  112
64  113
64  116
64  117
64  118
64  119
64  121
64  122
64  123
64  124
64  125
64  130
64  131
64  134
64  136
64  139
64  140
64  141
64  142
64  143
64  146
64  147
64  149
64  151
64  154
64  155
64  156
64  157
64  162
64  163
64  164
64  166
64  168
64  173
64  174
64  188
64  196
65  75
65  79
65  80
65  81
65  82
65  87
65  89
65  90
65  91
65  92
65  95
65  96
65  98
65  101
65  104
65  105
65  106
65  107
65  108
65  109
65  110
65  111
65  112
65  120
65  122
65  125
65  129
65  130
65  133
65  136
65  139
65  140
65  142
65  143
65  144
65  146
65  148
65  149
65  150
65  151
65  153
65  156
65  160
65  162
65  163
65  168
65  170
65  171
65  172
65  174
65  187
65  194
65  196
66  74
66  80
66  81
66  82
66  83
66  87
66  91
66  92
66  96
66  99
66  101
66  102
66  103
66  105
66  107
66  109
66  110
66  111
66  113
66  115
66  116
66  117
66  121
66  123
66  125
66  129
66  130
66  131
66  132
66  133
66  134
66  135
66  137
66  139
66  140
66  143
66  144
66  146
66  149
66  150
66  151
66  155
66  156
66  159
66  160
66  162
66  163
66  171
66  172
66  177
66  190
66  191
66  192
66  194
66  239
67  73
67  75
67  81
67  82
67  83
67  87
67  89
67  90
67  91
67  92
67  96
67  99
67  100
67  101
67  104
67  106
67  109
67  110
67  111
67  113
67  114
67  115
67  117
67  120
67  122
67  125
67  126
67  128
67  129
67  130
67  132
67  133
67  139
67  142
67  143
67  144
67  145
67  148
67  149
67  150
67  153
67  154
67  155
67  158
67  159
67  161
67  162
67  163
67  164
67  171
67  172
67  175
67  176
67  177
67  178
67  179
67  180
67  181
67  189
67  192
68  81
68  83
68  84
68  85
68  87
68  89
68  91
68  93
68  95
68  96
68  97
68  98
68  99
68  100
68  102
68  103
68  106
68  108
68  109
68  112
68  113
68  115
68  117
68  118
68  119
68  120
68  121
68  124
68  125
68  126
68  129
68  130
68  131
68  132
68  133
68  134
68  136
68  138
68  142
68  143
68  147
68  151
68  152
68  153
68  154
68  155
68  159
68  163
68  170
68  175
68  176
68  181
68  184
68  187
68  196
68  202
68  204
68  205
68  210
68  219
69  81
69  83
69  84
69  85
69  86
69  88
69  90
69  93
69  97
69  99
69  100
69  101
69  104
69  105
69  109
69  111
69  112
69  114
69  118
69  119
69  120
69  124
69  126
69  127
69  129
69  130
69  131
69  132
69  133
69  134
69  135
69  137
69  143
69  144
69  146
69  147
69  148
69  152
69  153
69  154
69  155
69  158
69  160
69  161
69  162
69  172
69  176
69  180
69  181
69  182
69  184
69  186
69  189
69  201
69  202
69  205
69  209
69  216
69  240
70  72
70  82
70  83
70  84
70  85
70  86
70  88
70  89
70  91
70  92
70  100
70  103
70  104
70  108
70  112
70  117
70  118
70  119
70  120
70  124
70  126
70  127
70  129
70  130
70  131
70  133
70  134
70  136
70  137
70  138
70  139
70  141
70  143
70  146
70  147
70  148
70  152
70  153
70  154
70  156
70  157
70  159
70  160
70  161
70  162
70  163
70  170
70  171
70  172
70  174
70  175
70  179
70  180
70  182
70  185
70  201
70  204
70  205
70  208
70  213
70  215
71  75
71  76
71  84
71  86
71  87
71  88
71  89
71  94
71  95
71  96
71  103
71  105
71  106
71  108
71  110
71  116
71  117
71  120
71  121
71  122
71  126
71  127
71  129
71  130
71  131
71  132
71  133
71  136
71  137
71  138
71  139
71  142
71  143
71  148
71  151
71  155
71  156
71  157
71  159
71  161
71  162
71  163
71  165
71  170
71  171
71  173
71  176
71  179
71  183
71  184
71  185
71  194
71  197
71  206
71  213
71  214
71  215
71  217
72  74
72  75
72  76
72  78
72  80
72  81
72  84
72  87
72  88
72  89
72  94
72  95
72  102
72  103
72  105
72  107
72  108
72  109
72  111
72  113
72  115
72  116
72  120
72  122
72  124
72  129
72  130
72  131
72  132
72  133
72  134
72  135
72  136
72  141
72  142
72  143
72  147
72  148
72  150
72  151
72  157
72  158
72  159
72  160
72  162
72  164
72  169
72  170
72  178
72  181
72  183
72  185
72  190
72  198
72  205
72  212
72  213
72  216
73  74
73  75
73  76
73  82
73  83
73  87
73  96
73  97
73  106
73  107
73  108
73  112
73  116
73  119
73  121
73  122
73  125
73  126
73  127
73  129
73  130
73  131
73  132
73  133
73  135
73  136
73  137
73  138
73  139
73  140
73  142
73  144
73  150
73  154
73  156
73  157
73  158
73  164
73  169
73  170
73  177
73  178
73  179
73  180
73  183
73  189
73  192
73  193
73  194
73  195
73  196
73  197
73  198
73  210
73  211
73  212
73  213
73  216
74  79
74  82
74  83
74  84
74  86
74  87
74  88
74  90
74  97
74  100
74  107
74  110
74  116
74  117
74  125
74  126
74  127
74  128
74  129
74  131
74  132
74  133
74  134
74  135
74  136
74  137
74  138
74  139
74  140
74  141
74  142
74  143
74  144
74  147
74  148
74  149
74  150
74  153
74  154
74  155
74  158
74  164
74  172
74  173
74  175
74  184
74  185
74  188
74  192
74  193
74  194
74  196
74  198
74  201
74  202
75  80
75  81
75  82
75  83
75  84
75  88
75  90
75  99
75  110
75  111
75  114
75  116
75  125
75  128
75  131
75  132
75  133
75  134
75  135
75  136
75  137
75  138
75  139
75  140
75  141
75  142
75  143
75  144
75  145
75  151
75  153
75  154
75  155
75  157
75  159
75  162
75  165
75  168
75  169
75  173
75  177
75  178
75  181
75  187
75  188
75  190
75  193
75  194
75  198
75  199
75  201
75  202
75  205
75  207
75  217
76  82
76  83
76  87
76  88
76  89
76  91
76  97
76  98
76  101
76  109
76  110
76  116
76  121
76  123
76  125
76  126
76  128
76  129
76  130
76  132
76  133
76  134
76  135
76  136
76  138
76  140
76  143
76  144
76  147
76  154
76  157
76  166
76  171
76  175
76  176
76  177
76  181
76  185
76  187
76  188
76  192
76  198
76  199
76  203
76  205
76  206
76  207
76  208
76  212
76  216
76  220
77  79
77  81
77  82
77  83
77  84
77  85
77  99
77  112
77  114
77  116
77  123
77  124
77  126
77  128
77  129
77  130
77  132
77  133
77  134
77  135
77  136
77  137
77  138
77  139
77  140
77  143
77  144
77  145
77  146
77  152
77  154
77  156
77  159
77  162
77  168
77  169
77  171
77  173
77  176
77  177
77  180
77  181
77  182
77  184
77  185
77  186
77  193
77  205
77  211
78  69
78  76
78  81
78  86
78  87
78  90
78  91
78  95
78  96
78  99
78  110
78  111
78  112
78  113
78  114
78  119
78  122
78  123
78  125
78  127
78  128
78  129
78  130
78  131
78  132
78  133
78  134
78  135
78  138
78  139
78  143
78  144
78  145
78  148
78  159
78  166
78  169
78  170
78  173
78  174
78  177
78  178
78  180
78  181
78  182
78  183
78  184
78  186
78  191
78  209
78  214
79  69
79  76
79  79
79  82
79  83
79  88
79  90
79  91
79  95
79  99
79  100
79  101
79  112
79  117
79  123
79  124
79  128
79  129
79  130
79  131
79  132
79  133
79  134
79  135
79  136
79  137
79  138
79  139
79  140
79  141
79  143
79  144
79  145
79  148
79  150
79  151
79  152
79  153
79  154
79  160
79  166
79  167
79  168
79  170
79  177
79  179
79  181
79  191
79  213
79  216
79  218
80  74
80  75
80  76
80  77
80  78
80  83
80  84
80  86
80  92
80  95
80  100
80  103
80  104
80  116
80  117
80  118
80  119
80  123
80  124
80  127
80  128
80  131
80  132
80  133
80  136
80  138
80  139
80  143
80  144
80  145
80  147
80  148
80  150
80  152
80  165
80  166
80  167
80  168
80  169
80  170
80  171
80  174
80  179
80  181
80  182
80  183
80  184
80  190
80  195
80  208
80  212
80  214
80  217
81  74
81  75
81  80
81  81
81  82
81  83
81  86
81  88
81  91
81  100
81  102
81  103
81  105
81  107
81  108
81  109
81  113
81  117
81  122
81  123
81  124
81  125
81  128
81  131
81  132
81  136
81  137
81  140
81  141
81  144
81  145
81  147
81  148
81  152
81  159
81  160
81  163
81  164
81  165
81  167
81  168
81  169
81  170
81  171
81  177
81  178
81  179
81  180
81  181
81  206
81  208
81  209
81  215
82  74
82  79
82  82
82  83
82  84
82  86
82  88
82  97
82  102
82  103
82  104
82  105
82  106
82  107
82  109
82  116
82  117
82  123
82  124
82  127
82  129
82  131
82  132
82  133
82  136
82  137
82  138
82  140
82  141
82  142
82  144
82  145
82  147
82  149
82  151
82  163
82  164
82  165
82  167
82  168
82  169
82  170
82  171
82  172
82  177
82  178
82  179
82  180
82  184
82  189
82  190
82  201
82  203
82  204
82  206
83  78
83  79
83  80
83  81
83  83
83  88
83  89
83  101
83  105
83  106
83  108
83  112
83  114
83  116
83  118
83  123
83  130
83  131
83  132
83  133
83  134
83  135
83  137
83  139
83  140
83  141
83  144
83  146
83  147
83  148
83  149
83  151
83  159
83  163
83  164
83  165
83  167
83  168
83  169
83  170
83  171
83  178
83  179
83  180
83  185
83  189
83  194
83  196
83  197
83  198
83  200
83  201
83  203
83  214
83  218
84  58
84  81
84  85
84  91
84  93
84  94
84  98
84  107
84  109
84  110
84  112
84  115
84  116
84  118
84  124
84  125
84  126
84  131
84  132
84  134
84  136
84  138
84  139
84  140
84  143
84  144
84  145
84  146
84  147
84  148
84  149
84  150
84  152
84  156
84  158
84  163
84  164
84  167
84  169
84  170
84  173
84  174
84  178
84  179
84  180
84  183
84  184
84  186
84  200
84  213
85  82
85  83
85  91
85  92
85  94
85  105
85  109
85  110
85  111
85  115
85  116
85  117
85  118
85  120
85  124
85  125
85  129
85  130
85  131
85  134
85  137
85  138
85  139
85  140
85  144
85  146
85  147
85  148
85  149
85  150
85  151
85  154
85  155
85  156
85  158
85  159
85  160
85  161
85  163
85  166
85  167
85  169
85  176
85  177
85  178
85  179
85  183
85  185
85  194
85  204
85  219
85  221
86  83
86  86
86  87
86  91
86  92
86  96
86  100
86  101
86  107
86  109
86  110
86  111
86  116
86  117
86  120
86  123
86  124
86  125
86  129
86  130
86  133
86  137
86  138
86  139
86  143
86  144
86  146
86  147
86  148
86  149
86  151
86  152
86  157
86  158
86  159
86  161
86  162
86  163
86  167
86  168
86  174
86  177
86  178
86  182
86  185
86  190
86  191
86  212
87  61
87  82
87  91
87  93
87  94
87  95
87  96
87  97
87  99
87  101
87  102
87  105
87  106
87  109
87  110
87  111
87  115
87  116
87  117
87  123
87  124
87  125
87  126
87  130
87  131
87  134
87  135
87  137
87  138
87  139
87  140
87  142
87  143
87  144
87  145
87  146
87  147
87  148
87  154
87  156
87  158
87  159
87  166
87  167
87  175
87  177
87  189
88  82
88  90
88  91
88  94
88  95
88  98
88  99
88  100
88  101
88  102
88  105
88  108
88  115
88  117
88  118
88  121
88  123
88  124
88  129
88  130
88  132
88  134
88  137
88  138
88  139
88  140
88  143
88  144
88  145
88  146
88  147
88  148
88  150
88  151
88  152
88  153
88  154
88  155
88  156
88  160
88  161
88  166
88  180
88  182
88  186
88  187
88  208
88  209
88  215
89  92
89  95
89  96
89  103
89  104
89  108
89  123
89  127
89  128
89  129
89  130
89  134
89  135
89  136
89  137
89  138
89  139
89  140
89  143
89  144
89  145
89  146
89  147
89  148
89  150
89  151
89  152
89  153
89  154
89  155
89  165
89  166
89  175
89  176
89  179
89  184
89  185
89  186
89  187
89  195
89  196
89  205
90  93
90  110
90  111
90  112
90  118
90  122
90  127
90  128
90  129
90  132
90  133
90  135
90  136
90  137
90  138
90  139
90  140
90  141
90  142
90  143
90  145
90  146
90  148
90  150
90  151
90  152
90  153
90  154
90  155
90  165
90  166
90  169
90  174
90  175
90  180
90  184
90  185
90  186
90  200
90  203
90  206
90  207
90  208
90  212
90  213
91  95
91  104
91  111
91  112
91  118
91  122
91  123
91  126
91  127
91  128
91  129
91  131
91  132
91  133
91  134
91  135
91  136
91  137
91  138
91  139
91  140
91  141
91  144
91  145
91  146
91  148
91  149
91  150
91  151
91  152
91  153
91  154
91  155
91  156
91  165
91  166
91  167
91  172
91  173
91  174
91  175
91  178
91  183
91  184
91  185
91  194
91  197
91  199
91  202
91  203
91  205
91  206
91  209
91  210
91  214
91  248
92  61
92  90
92  91
92  102
92  104
92  105
92  110
92  112
92  113
92  122
92  123
92  126
92  127
92  128
92  129
92  130
92  131
92  132
92  133
92  134
92  135
92  136
92  137
92  138
92  139
92  140
92  141
92  142
92  143
92  144
92  145
92  146
92  147
92  149
92  150
92  151
92  152
92  153
92  154
92  155
92  156
92  159
92  162
92  163
92  164
92  165
92  166
92  168
92  170
92  171
92  172
92  173
92  174
92  177
92  178
92  180
92  182
92  183
92  189
92  193
92  199
92  202
92  205
92  206
92  208
92  210
92  211
92  214
93  60
93  65
93  84
93  85
93  89
93  90
93  91
93  94
93  95
93  97
93  104
93  106
93  108
93  109
93  111
93  112
93  113
93  117
93  118
93  121
93  122
93  123
93  124
93  125
93  126
93  127
93  128
93  129
93  130
93  131
93  132
93  133
93  134
93  135
93  136
93  137
93  138
93  139
93  140
93  141
93  142
93  143
93  144
93  145
93  149
93  150
93  151
93  152
93  153
93  154
93  155
93  156
93  162
93  163
93  164
93  165
93  166
93  168
93  171
93  172
93  174
93  178
93  180
93  181
93  183
93  184
93  199
93  209
93  212
94  92
94  93
94  97
94  100
94  103
94  104
94  105
94  106
94  107
94  108
94  111
94  112
94  115
94  116
94  117
94  120
94  121
94  122
94  123
94  125
94  126
94  127
94  128
94  129
94  130
94  131
94  132
94  133
94  134
94  135
94  136
94  137
94  138
94  139
94  140
94  141
94  142
94  146
94  147
94  150
94  151
94  152
94  153
94  155
94  161
94  164
94  166
94  177
94  182
94  198
95  92
95  93
95  96
95  97
95  98
95  104
95  107
95  112
95  115
95  116
95  117
95  119
95  121
95  122
95  123
95  124
95  125
95  126
95  127
95  128
95  129
95  130
95  131
95  132
95  133
95  134
95  135
95  136
95  137
95  138
95  139
95  140
95  141
95  142
95  143
95  144
95  146
95  150
95  151
95  152
95  155
95  156
95  157
95  158
95  161
95  162
95  163
95  166
95  167
95  169
95  182
95  183
95  184
95  187
95  188
95  192
95  201
95  203
95  211
95  212
95  250
96  61
96  95
96  96
96  97
96  98
96  101
96  106
96  108
96  109
96  110
96  111
96  112
96  113
96  115
96  118
96  120
96  121
96  122
96  123
96  124
96  125
96  126
96  127
96  128
96  129
96  130
96  131
96  132
96  133
96  134
96  135
96  136
96  137
96  138
96  139
96  140
96  141
96  142
96  144
96  150
96  151
96  152
96  153
96  155
96  156
96  157
96  158
96  159
96  160
96  161
96  162
96  174
96  175
96  176
96  178
96  180
96  181
96  182
96  184
96  185
96  186
96  188
96  194
96  196
96  197
96  203
96  204
96  206
96  208
96  209
96  210
96  211
96  212
96  213
96  215
96  237
96  250
97  94
97  101
97  108
97  109
97  110
97  112
97  113
97  114
97  115
97  118
97  119
97  120
97  121
97  122
97  123
97  124
97  125
97  126
97  127
97  128
97  129
97  130
97  131
97  132
97  133
97  134
97  135
97  136
97  137
97  138
97  139
97  140
97  141
97  142
97  143
97  148
97  151
97  152
97  153
97  155
97  157
97  158
97  159
97  160
97  161
97  172
97  173
97  174
97  175
97  176
97  177
97  180
97  181
97  185
97  186
97  187
97  189
97  195
97  199
97  200
97  203
97  204
97  205
97  206
97  207
97  208
97  210
97  212
97  214
97  218
97  221
97  222
97  223
97  226
97  227
97  228
97  229
97  250
98  105
98  106
98  108
98  110
98  112
98  113
98  115
98  116
98  117
98  118
98  120
98  121
98  122
98  123
98  124
98  125
98  126
98  127
98  128
98  129
98  130
98  131
98  132
98  133
98  134
98  135
98  136
98  137
98  138
98  139
98  140
98  141
98  142
98  143
98  144
98  145
98  150
98  151
98  152
98  155
98  156
98  157
98  158
98  159
98  160
98  171
98  172
98  176
98  177
98  194
98  202
98  203
98  204
98  205
98  206
98  211
98  216
98  219
98  220
98  221
98  222
98  223
98  224
98  225
98  226
98  227
98  230
98  233
98  235
98  244
98  251
99  90
99  105
99  106
99  107
99  108
99  109
99  110
99  111
99  112
99  113
99  114
99  115
99  116
99  117
99  118
99  119
99  120
99  121
99  122
99  123
99  124
99  125
99  126
99  127
99  128
99  129
99  130
99  131
99  132
99  133
99  134
99  135
99  136
99  137
99  138
99  139
99  140
99  141
99  142
99  143
99  144
99  146
99  150
99  151
99  152
99  153
99  154
99  156
99  157
99  160
99  161
99  170
99  171
99  172
99  173
99  177
99  178
99  179
99  180
99  184
99  188
99  193
99  198
99  199
99  202
99  206
99  207
99  209
99  211
99  217
99  218
99  219
99  220
99  221
99  222
99  223
99  224
99  225
99  226
99  227
99  229
99  230
99  246
99  247
99  251
100  55
100  85
100  90
100  94
100  98
100  99
100  100
100  102
100  103
100  104
100  105
100  106
100  107
100  108
100  109
100  110
100  111
100  112
100  113
100  114
100  115
100  116
100  117
100  118
100  119
100  120
100  121
100  122
100  123
100  124
100  125
100  126
100  127
100  128
100  129
100  130
100  131
100  132
100  133
100  134
100  135
100  136
100  137
100  138
100  139
100  140
100  141
100  142
100  143
100  144
100  145
100  146
100  150
100  153
100  154
100  156
100  159
100  160
100  161
100  165
100  169
100  170
100  171
100  175
100  176
100  177
100  178
100  179
100  180
100  181
100  184
100  185
100  186
100  193
100  195
100  196
100  197
100  198
100  199
100  201
100  202
100  203
100  216
100  217
100  218
100  219
100  220
100  221
100  222
100  226
100  227
100  228
100  229
100  230
100  236
100  238
100  251
101  50
101  53
101  62
101  64
101  65
101  66
101  89
101  91
101  92
101  93
101  94
101  95
101  96
101  97
101  98
101  99
101  100
101  101
101  102
101  103
101  104
101  105
101  106
101  107
101  108
101  109
101  110
101  111
101  112
101  113
101  114
101  115
101  116
101  117
101  118
101  119
101  120
101  121
101  122
101  123
101  124
101  125
101  126
101  127
101  128
101  129
101  130
101  131
101  132
101  133
101  134
101  135
101  136
101  137
101  138
101  139
101  140
101  141
101  142
101  143
101  144
101  145
101  146
101  147
101  149
101  154
101  155
101  156
101  157
101  159
101  160
101  163
101  166
101  169
101  173
101  174
101  176
101  178
101  179
101  180
101  181
101  182
101  184
101  185
101  192
101  194
101  196
101  197
101  198
101  202
101  203
101  204
101  210
101  213
101  214
101  216
101  217
101  220
101  221
101  224
101  225
101  226
101  227
101  228
101  229
101  231
101  232
101  234
101  235
101  236
101  237
101  238
101  251
102  49
102  50
102  53
102  55
102  57
102  59
102  63
102  64
102  65
102  87
102  88
102  89
102  91
102  92
102  93
102  94
102  95
102  96
102  97
102  98
102  99
102  100
102  101
102  102
102  103
102  104
102  105
102  106
102  107
102  108
102  109
102  110
102  111
102  112
102  113
102  114
102  115
102  116
102  117
102  118
102  119
102  120
102  121
102  122
102  123
102  124
102  125
102  126
102  127
102  128
102  129
102  130
102  131
102  132
102  133
102  134
102  135
102  136
102  137
102  138
102  139
102  140
102  141
102  142
102  143
102  144
102  146
102  147
102  148
102  149
102  151
102  153
102  154
102  155
102  156
102  157
102  158
102  159
102  160
102  161
102  162
102  163
102  164
102  165
102  166
102  167
102  168
102  169
102  170
102  172
102  173
102  174
102  175
102  176
102  177
102  178
102  179
102  181
102  183
102  184
102  185
102  187
102  188
102  189
102  190
102  191
102  192
102  193
102  194
102  195
102  196
102  197
102  198
102  199
102  202
102  209
102  211
102  212
102  213
102  215
102  222
102  223
102  224
102  225
102  226
102  227
102  233
102  234
102  236
102  238
103  36
103  49
103  50
103  52
103  53
103  55
103  57
103  59
103  61
103  87
103  88
103  89
103  91
103  92
103  93
103  94
103  95
103  96
103  97
103  98
103  99
103  100
103  101
103  102
103  103
103  104
103  105
103  106
103  107
103  108
103  109
103  110
103  111
103  112
103  113
103  114
103  115
103  116
103  117
103  118
103  119
103  120
103  121
103  122
103  123
103  124
103  125
103  126
103  127
103  128
103  129
103  130
103  131
103  132
103  133
103  134
103  135
103  136
103  137
103  138
103  139
103  140
103  141
103  142
103  143
103  144
103  145
103  146
103  147
103  148
103  149
103  150
103  152
103  153
103  154
103  155
103  156
103  157
103  158
103  159
103  160
103  162
103  163
103  164
103  165
103  166
103  168
103  172
103  173
103  174
103  175
103  176
103  177
103  179
103  184
103  186
103  189
103  190
103  191
103  194
103  195
103  196
103  199
103  206
103  208
103  211
103  212
103  213
103  214
103  215
103  216
103  217
103  219
103  220
103  221
103  223
103  224
103  225
103  230
103  231
103  232
103  234
103  235
103  239
104  48
104  50
104  51
104  52
104  67
104  91
104  92
104  93
104  94
104  95
104  96
104  97
104  98
104  99
104  100
104  101
104  102
104  103
104  104
104  105
104  106
104  107
104  108
104  109
104  110
104  111
104  112
104  113
104  114
104  115
104  116
104  117
104  118
104  119
104  120
104  121
104  122
104  123
104  124
104  125
104  126
104  127
104  128
104  129
104  130
104  131
104  132
104  133
104  134
104  135
104  136
104  137
104  138
104  139
104  140
104  141
104  142
104  143
104  144
104  145
104  148
104  149
104  151
104  152
104  153
104  154
104  155
104  156
104  158
104  160
104  161
104  162
104  163
104  172
104  174
104  176
104  177
104  178
104  179
104  181
104  183
104  188
104  189
104  190
104  200
104  201
104  207
104  214
104  215
104  216
104  217
104  218
104  222
104  229
104  230
104  231
104  237
105  0
105  46
105  48
105  49
105  50
105  52
105  54
105  65
105  66
105  67
105  85
105  88
105  91
105  92
105  93
105  94
105  95
105  96
105  97
105  98
105  99
105  100
105  101
105  102
105  103
105  104
105  105
105  106
105  107
105  108
105  109
105  110
105  111
105  112
105  113
105  114
105  115
105  116
105  117
105  118
105  119
105  120
105  121
105  122
105  123
105  124
105  125
105  126
105  127
105  128
105  129
105  130
105  131
105  132
105  133
105  134
105  135
105  136
105  137
105  138
105  139
105  140
105  141
105  142
105  143
105  144
105  146
105  149
105  152
105  153
105  154
105  157
105  160
105  161
105  167
105  173
105  175
105  176
105  177
105  178
105  179
105  181
105  182
105  186
105  188
105  199
105  206
105  212
105  213
105  214
105  217
105  218
105  219
105  220
105  222
106  14
106  37
106  47
106  49
106  50
106  51
106  52
106  54
106  58
106  59
106  62
106  64
106  66
106  84
106  85
106  86
106  87
106  88
106  89
106  90
106  91
106  92
106  93
106  94
106  95
106  96
106  97
106  98
106  99
106  100
106  101
106  102
106  103
106  104
106  105
106  106
106  107
106  108
106  109
106  110
106  111
106  112
106  113
106  114
106  115
106  116
106  117
106  118
106  119
106  120
106  121
106  122
106  123
106  124
106  125
106  126
106  127
106  128
106  129
106  130
106  131
106  132
106  133
106  134
106  135
106  136
106  137
106  138
106  139
106  140
106  141
106  142
106  143
106  144
106  145
106  146
106  147
106  149
106  151
106  152
106  153
106  158
106  159
106  161
106  165
106  175
106  176
106  177
106  178
106  180
106  181
106  182
106  186
106  187
106  205
106  214
106  215
106  216
106  217
106  218
106  219
106  220
106  226
106  228
106  230
106  231
106  232
106  250
106  251
107  11
107  31
107  44
107  48
107  49
107  50
107  53
107  58
107  82
107  83
107  84
107  85
107  86
107  87
107  88
107  89
107  90
107  91
107  92
107  93
107  94
107  95
107  96
107  97
107  98
107  99
107  100
107  101
107  102
107  103
107  104
107  105
107  106
107  107
107  108
107  109
107  110
107  111
107  112
107  113
107  114
107  115
107  116
107  117
107  118
107  119
107  120
107  121
107  122
107  123
107  124
107  125
107  126
107  127
107  128
107  129
107  130
107  131
107  132
107  133
107  134
107  135
107  136
107  137
107  138
107  139
107  140
107  141
107  142
107  143
107  144
107  145
107  146
107  147
107  151
107  152
107  153
107  154
107  156
107  157
107  158
107  160
107  161
107  162
107  163
107  168
107  171
107  175
107  176
107  177
107  178
107  180
107  181
107  182
107  186
107  189
107  190
107  191
107  193
107  194
107  195
107  208
107  211
107  213
107  215
107  218
107  221
107  224
107  228
107  229
107  230
107  251
108  7
108  16
108  46
108  48
108  51
108  54
108  55
108  80
108  81
108  82
108  83
108  84
108  85
108  86
108  87
108  88
108  89
108  90
108  91
108  92
108  93
108  94
108  95
108  96
108  97
108  98
108  99
108  100
108  101
108  102
108  103
108  104
108  105
108  106
108  107
108  108
108  109
108  110
108  111
108  112
108  113
108  114
108  115
108  116
108  117
108  118
108  119
108  120
108  121
108  122
108  123
108  124
108  125
108  126
108  127
108  128
108  129
108  130
108  131
108  132
108  133
108  134
108  135
108  136
108  137
108  138
108  139
108  140
108  141
108  142
108  143
108  144
108  145
108  146
108  147
108  148
108  149
108  150
108  151
108  152
108  153
108  155
108  156
108  157
108  158
108  159
108  161
108  162
108  163
108  164
108  171
108  173
108  175
108  176
108  177
108  178
108  180
108  182
108  185
108  186
108  187
108  189
108  190
108  191
108  192
108  193
108  194
108  195
108  203
108  208
108  209
108  211
108  212
108  213
108  222
108  223
108  224
108  225
108  226
108  230
109  57
109  80
109  81
109  84
109  85
109  86
109  87
109  88
109  89
109  90
109  91
109  92
109  93
109  94
109  95
109  96
109  97
109  98
109  99
109  100
109  101
109  102
109  103
109  104
109  105
109  106
109  107
109  108
109  109
109  110
109  111
109  112
109  113
109  114
109  115
109  116
109  117
109  118
109  119
109  120
109  121
109  122
109  123
109  124
109  125
109  126
109  127
109  128
109  129
109  130
109  131
109  132
109  133
109  134
109  135
109  136
109  137
109  138
109  139
109  140
109  141
109  142
109  143
109  144
109  145
109  146
109  147
109  149
109  151
109  152
109  153
109  154
109  155
109  156
109  157
109  160
109  161
109  162
109  163
109  164
109  165
109  170
109  171
109  173
109  174
109  175
109  176
109  184
109  186
109  187
109  189
109  190
109  191
109  195
109  221
109  223
109  224
109  227
110  80
110  81
110  85
110  86
110  87
110  88
110  89
110  90
110  91
110  92
110  93
110  94
110  95
110  96
110  97
110  98
110  99
110  100
110  101
110  102
110  103
110  104
110  105
110  106
110  107
110  108
110  109
110  110
110  111
110  112
110  113
110  114
110  115
110  116
110  117
110  118
110  119
110  120
110  121
110  122
110  123
110  124
110  125
110  126
110  127
110  128
110  129
110  130
110  131
110  134
110  135
110  136
110  137
110  138
110  139
110  140
110  141
110  142
110  143
110  144
110  145
110  152
110  153
110  154
110  161
110  162
110  163
110  168
110  171
110  174
110  175
110  178
110  183
110  188
110  195
110  225
111  2
111  47
111  79
111  87
111  90
111  91
111  92
111  93
111  94
111  95
111  96
111  97
111  98
111  99
111  100
111  101
111  102
111  103
111  104
111  105
111  106
111  107
111  108
111  109
111  110
111  111
111  112
111  113
111  114
111  115
111  116
111  117
111  118
111  119
111  120
111  121
111  122
111  123
111  124
111  125
111  126
111  127
111  128
111  129
111  130
111  131
111  132
111  133
111  134
111  135
111  136
111  137
111  138
111  139
111  140
111  141
111  142
111  143
111  144
111  145
111  146
111  148
111  150
111  151
111  152
111  153
111  154
111  158
111  161
111  162
111  163
111  164
111  169
111  172
111  173
111  175
111  179
111  182
111  192
111  194
111  216
111  224
112  5
112  9
112  47
112  53
112  68
112  72
112  73
112  75
112  76
112  77
112  80
112  81
112  83
112  84
112  85
112  86
112  87
112  88
112  89
112  90
112  91
112  92
112  93
112  94
112  95
112  96
112  97
112  98
112  99
112  100
112  101
112  102
112  103
112  104
112  105
112  106
112  107
112  108
112  109
112  110
112  111
112  112
112  113
112  114
112  115
112  116
112  118
112  119
112  120
112  121
112  122
112  123
112  124
112  125
112  126
112  127
112  128
112  129
112  130
112  131
112  132
112  133
112  134
112  135
112  136
112  137
112  138
112  139
112  140
112  141
112  142
112  143
112  144
112  145
112  146
112  149
112  150
112  151
112  152
112  153
112  154
112  155
112  157
112  158
112  160
112  161
112  162
112  163
112  164
112  165
112  171
112  172
112  173
112  175
112  181
112  187
112  191
112  194
112  197
112  198
112  199
112  203
112  206
112  209
112  214
112  220
112  222
112  229
112  249
112  250
113  0
113  1
113  2
113  53
113  58
113  60
113  64
113  67
113  68
113  71
113  73
113  81
113  82
113  83
113  85
113  86
113  87
113  88
113  89
113  90
113  91
113  92
113  93
113  94
113  95
113  96
113  97
113  98
113  99
113  100
113  101
113  102
113  103
113  104
113  105
113  106
113  107
113  108
113  109
113  110
113  111
113  112
113  113
113  114
113  115
113  116
113  117
113  118
113  119
113  120
113  121
113  122
113  123
113  124
113  125
113  126
113  127
113  128
113  129
113  130
113  131
113  132
113  133
113  134
113  135
113  136
113  137
113  139
113  140
113  141
113  142
113  143
113  144
113  145
113  149
113  150
113  151
113  152
113  153
113  154
113  155
113  156
113  157
113  158
113  161
113  162
113  163
113  164
113  165
113  167
113  169
113  170
113  171
113  172
113  173
113  183
113  189
113  190
113  193
113  198
113  201
113  203
113  204
113  212
113  213
113  216
113  217
113  219
113  220
113  224
113  244
113  245
113  246
113  247
113  248
113  251
114  58
114  69
114  73
114  77
114  82
114  85
114  86
114  87
114  88
114  89
114  90
114  91
114  92
114  93
114  94
114  95
114  96
114  97
114  98
114  99
114  100
114  101
114  102
114  103
114  104
114  105
114  106
114  107
114  108
114  109
114  110
114  111
114  112
114  113
114  114
114  115
114  116
114  117
114  119
114  120
114  121
114  122
114  123
114  124
114  125
114  126
114  127
114  128
114  129
114  130
114  131
114  132
114  133
114  134
114  135
114  136
114  137
114  138
114  139
114  140
114  141
114  142
114  143
114  144
114  145
114  146
114  148
114  150
114  151
114  152
114  153
114  154
114  155
114  156
114  157
114  158
114  159
114  163
114  173
114  243
115  67
115  82
115  83
115  85
115  86
115  87
115  88
115  89
115  90
115  91
115  92
115  93
115  94
115  95
115  96
115  97
115  98
115  99
115  100
115  101
115  102
115  103
115  104
115  105
115  106
115  107
115  108
115  109
115  110
115  111
115  112
115  113
115  114
115  115
115  116
115  117
115  119
115  120
115  121
115  122
115  123
115  124
115  125
115  126
115  127
115  128
115  129
115  130
115  131
115  132
115  133
115  134
115  135
115  136
115  137
115  141
115  142
115  143
115  144
115  146
115  147
115  148
115  149
115  150
115  151
115  152
115  153
115  154
115  156
115  158
115  161
115  163
115  164
115  165
115  167
115  168
115  179
115  185
115  186
115  187
116  58
116  61
116  68
116  72
116  73
116  74
116  83
116  84
116  86
116  87
116  88
116  89
116  90
116  91
116  92
116  93
116  94
116  95
116  96
116  97
116  98
116  99
116  100
116  101
116  102
116  103
116  104
116  105
116  106
116  107
116  108
116  109
116  110
116  111
116  112
116  114
116  115
116  116
116  117
116  118
116  119
116  120
116  121
116  124
116  125
116  126
116  128
116  129
116  130
116  131
116  132
116  133
116  134
116  135
116  137
116  139
116  142
116  143
116  144
116  146
116  147
116  148
116  150
116  151
116  152
116  153
116  154
116  155
116  160
116  162
116  163
116  185
116  186
116  188
116  200
116  233
116  248
117  56
117  57
117  61
117  63
117  72
117  75
117  78
117  79
117  81
117  83
117  84
117  85
117  87
117  89
117  90
117  91
117  92
117  93
117  94
117  95
117  96
117  97
117  98
117  99
117  100
117  101
117  102
117  103
117  104
117  105
117  106
117  107
117  108
117  109
117  110
117  111
117  112
117  113
117  114
117  115
117  116
117  117
117  118
117  119
117  120
117  122
117  123
117  124
117  125
117  126
117  127
117  128
117  129
117  130
117  131
117  132
117  133
117  134
117  135
117  136
117  137
117  139
117  140
117  141
117  142
117  143
117  144
117  145
117  146
117  147
117  148
117  149
117  150
117  151
117  152
117  153
117  154
117  157
117  158
117  159
117  160
117  161
117  162
117  163
117  170
117  171
117  176
117  177
117  179
117  186
117  187
117  189
117  190
117  191
117  192
117  193
117  194
117  197
117  198
117  199
117  212
117  216
117  218
117  220
117  222
117  230
117  232
117  233
117  235
117  236
117  237
117  247
117  249
118  53
118  57
118  66
118  72
118  73
118  76
118  81
118  83
118  84
118  85
118  88
118  89
118  90
118  91
118  92
118  93
118  94
118  95
118  96
118  97
118  98
118  99
118  100
118  101
118  102
118  103
118  104
118  105
118  106
118  107
118  108
118  109
118  110
118  111
118  113
118  114
118  115
118  116
118  117
118  118
118  119
118  121
118  122
118  123
118  124
118  126
118  127
118  128
118  129
118  131
118  132
118  133
118  134
118  136
118  137
118  139
118  140
118  141
118  142
118  143
118  144
118  146
118  147
118  148
118  150
118  151
118  152
118  153
118  154
118  155
118  157
118  158
118  159
118  160
118  165
118  167
118  175
118  176
118  179
118  183
118  194
118  196
118  197
118  207
118  208
118  220
118  229
118  230
118  231
118  232
118  233
118  234
118  246
118  247
119  49
119  51
119  52
119  53
119  57
119  58
119  65
119  71
119  72
119  75
119  79
119  80
119  81
119  85
119  89
119  90
119  92
119  93
119  94
119  95
119  96
119  97
119  98
119  99
119  100
119  101
119  102
119  103
119  104
119  105
119  106
119  107
119  108
119  109
119  110
119  112
119  113
119  114
119  117
119  118
119  121
119  122
119  123
119  124
119  127
119  129
119  131
119  132
119  133
119  134
119  138
119  139
119  140
119  141
119  142
119  146
119  147
119  148
119  149
119  150
119  151
119  152
119  153
119  154
119  155
119  157
119  159
119  160
119  165
119  169
119  174
119  176
119  178
119  181
119  187
119  197
119  202
119  204
119  225
119  226
119  227
119  230
119  236
119  250
120  47
120  50
120  51
120  52
120  56
120  62
120  65
120  66
120  68
120  69
120  71
120  73
120  76
120  77
120  84
120  85
120  86
120  87
120  88
120  89
120  90
120  91
120  92
120  93
120  94
120  95
120  96
120  97
120  98
120  99
120  100
120  101
120  102
120  103
120  104
120  105
120  106
120  107
120  108
120  109
120  110
120  112
120  113
120  114
120  116
120  117
120  118
120  119
120  120
120  121
120  122
120  123
120  124
120  125
120  126
120  127
120  128
120  129
120  130
120  131
120  132
120  133
120  135
120  136
120  137
120  139
120  140
120  142
120  143
120  144
120  146
120  147
120  148
120  149
120  150
120  151
120  152
120  153
120  154
120  155
120  156
120  158
120  159
120  161
120  162
120  163
120  164
120  165
120  170
120  173
120  174
120  176
120  177
120  178
120  179
120  180
120  181
120  182
120  185
120  200
120  202
120  203
120  205
120  208
120  213
120  221
120  223
120  224
120  226
120  227
120  230
120  241
120  244
120  245
120  246
120  251
121  40
121  47
121  48
121  49
121  50
121  51
121  52
121  55
121  58
121  59
121  60
121  61
121  62
121  70
121  71
121  72
121  74
121  75
121  80
121  83
121  85
121  86
121  88
121  89
121  90
121  91
121  92
121  93
121  94
121  95
121  96
121  97
121  98
121  99
121  100
121  101
121  102
121  103
121  104
121  105
121  106
121  107
121  108
121  109
121  112
121  113
121  114
121  115
121  116
121  117
121  118
121  119
121  120
121  121
121  122
121  123
121  124
121  125
121  126
121  127
121  129
121  130
121  131
121  132
121  133
121  135
121  136
121  137
121  138
121  139
121  140
121  143
121  144
121  146
121  147
121  148
121  149
121  150
121  151
121  152
121  154
121  155
121  156
121  157
121  158
121  159
121  160
121  161
121  163
121  164
121  165
121  168
121  170
121  172
121  176
121  177
121  179
121  180
121  181
121  182
121  183
121  184
121  189
121  190
121  199
121  203
121  204
121  205
121  206
121  211
121  212
121  216
121  221
121  224
121  225
121  226
121  230
121  231
121  233
121  234
121  242
121  243
122  40
122  41
122  48
122  49
122  50
122  57
122  59
122  60
122  62
122  69
122  73
122  78
122  83
122  84
122  85
122  86
122  87
122  88
122  89
122  90
122  91
122  92
122  93
122  94
122  95
122  96
122  97
122  98
122  99
122  100
122  101
122  102
122  103
122  104
122  105
122  106
122  107
122  108
122  111
122  112
122  113
122  114
122  116
122  117
122  118
122  119
122  120
122  121
122  122
122  123
122  125
122  126
122  127
122  128
122  129
122  130
122  131
122  133
122  134
122  135
122  136
122  137
122  138
122  139
122  140
122  141
122  143
122  144
122  145
122  146
122  147
122  148
122  149
122  150
122  151
122  152
122  153
122  154
122  155
122  156
122  159
122  160
122  162
122  164
122  173
122  174
122  176
122  177
122  178
122  179
122  180
122  181
122  182
122  183
122  184
122  188
122  190
122  197
122  201
122  202
122  203
122  207
122  210
122  212
122  213
122  221
122  226
122  229
122  231
122  232
123  49
123  51
123  52
123  55
123  57
123  59
123  61
123  62
123  73
123  77
123  78
123  82
123  85
123  87
123  88
123  89
123  90
123  91
123  92
123  93
123  94
123  95
123  96
123  97
123  98
123  99
123  100
123  101
123  102
123  103
123  104
123  105
123  106
123  107
123  108
123  111
123  112
123  113
123  116
123  117
123  119
123  120
123  121
123  123
123  124
123  125
123  126
123  128
123  131
123  132
123  134
123  135
123  136
123  137
123  138
123  139
123  140
123  141
123  142
123  143
123  145
123  146
123  148
123  149
123  150
123  151
123  153
123  154
123  155
123  163
123  175
123  178
123  179
123  180
123  181
123  182
123  185
123  201
123  208
123  218
124  42
124  43
124  50
124  51
124  52
124  58
124  59
124  61
124  62
124  63
124  64
124  68
124  74
124  77
124  78
124  85
124  86
124  87
124  88
124  89
124  90
124  91
124  92
124  93
124  94
124  95
124  96
124  97
124  98
124  99
124  100
124  101
124  102
124  103
124  104
124  105
124  106
124  107
124  108
124  111
124  112
124  113
124  115
124  116
124  117
124  119
124  120
124  121
124  122
124  123
124  124
124  125
124  130
124  131
124  133
124  134
124  135
124  136
124  137
124  139
124  140
124  141
124  143
124  144
124  145
124  147
124  148
124  149
124  150
124  151
124  153
124  154
124  157
124  158
124  159
124  172
124  179
124  180
124  181
124  182
124  185
124  199
124  200
124  209
124  213
124  219
124  227
124  235
125  42
125  44
125  45
125  48
125  49
125  50
125  55
125  56
125  57
125  59
125  64
125  65
125  67
125  68
125  73
125  74
125  77
125  78
125  81
125  84
125  86
125  87
125  88
125  89
125  90
125  91
125  92
125  93
125  94
125  95
125  96
125  97
125  98
125  99
125  100
125  101
125  102
125  103
125  104
125  105
125  106
125  107
125  108
125  109
125  110
125  111
125  112
125  113
125  114
125  115
125  116
125  117
125  118
125  119
125  120
125  121
125  122
125  123
125  125
125  128
125  129
125  130
125  131
125  132
125  133
125  134
125  135
125  136
125  137
125  138
125  139
125  140
125  141
125  142
125  143
125  144
125  145
125  146
125  147
125  148
125  149
125  150
125  151
125  154
125  156
125  166
125  168
125  170
125  171
125  172
125  176
125  177
125  178
125  179
125  186
125  198
125  200
125  205
125  206
125  207
125  208
125  209
125  216
125  217
125  218
125  220
125  224
125  225
125  227
125  230
125  243
126  29
126  45
126  46
126  48
126  49
126  54
126  60
126  61
126  63
126  68
126  69
126  74
126  76
126  77
126  78
126  80
126  84
126  87
126  88
126  89
126  90
126  91
126  92
126  93
126  94
126  95
126  96
126  97
126  98
126  99
126  100
126  101
126  102
126  103
126  104
126  105
126  106
126  107
126  108
126  109
126  110
126  111
126  112
126  113
126  115
126  116
126  117
126  118
126  119
126  120
126  122
126  123
126  124
126  125
126  126
126  127
126  128
126  129
126  130
126  131
126  132
126  133
126  134
126  135
126  137
126  138
126  139
126  141
126  142
126  143
126  144
126  145
126  146
126  147
126  148
126  149
126  150
126  151
126  152
126  153
126  155
126  159
126  160
126  165
126  166
126  167
126  170
126  175
126  176
126  177
126  180
126  185
126  202
126  203
126  204
126  208
126  215
126  216
126  218
126  219
126  220
126  221
126  223
126  228
126  236
127  24
127  25
127  26
127  28
127  31
127  35
127  50
127  51
127  54
127  56
127  57
127  58
127  59
127  60
127  65
127  67
127  69
127  76
127  77
127  79
127  80
127  83
127  86
127  87
127  88
127  89
127  90
127  91
127  92
127  93
127  94
127  95
127  96
127  97
127  98
127  99
127  100
127  101
127  102
127  103
127  104
127  105
127  106
127  107
127  108
127  109
127  110
127  111
127  112
127  113
127  114
127  115
127  116
127  117
127  118
127  119
127  120
127  121
127  122
127  123
127  124
127  125
127  126
127  127
127  128
127  129
127  131
127  132
127  133
127  134
127  136
127  137
127  138
127  140
127  141
127  142
127  143
127  144
127  145
127  146
127  147
127  148
127  149
127  150
127  151
127  152
127  153
127  154
127  155
127  156
127  157
127  158
127  166
127  171
127  172
127  173
127  174
127  175
127  176
127  177
127  178
127  179
127  184
127  199
127  200
127  202
127  203
127  204
127  210
127  211
127  218
127  219
127  220
127  221
127  222
127  223
127  224
127  233
128  23
128  27
128  31
128  36
128  37
128  45
128  54
128  55
128  56
128  57
128  59
128  60
128  64
128  65
128  67
128  69
128  71
128  72
128  73
128  85
128  86
128  87
128  89
128  90
128  91
128  92
128  93
128  94
128  95
128  96
128  97
128  98
128  99
128  100
128  101
128  102
128  103
128  104
128  105
128  106
128  107
128  108
128  109
128  110
128  111
128  112
128  113
128  115
128  116
128  117
128  118
128  119
128  121
128  122
128  123
128  125
128  126
128  127
128  128
128  131
128  132
128  133
128  134
128  135
128  136
128  137
128  138
128  140
128  141
128  142
128  143
128  144
128  145
128  146
128  147
128  148
128  149
128  151
128  152
128  153
128  155
128  157
128  158
128  172
128  175
128  176
128  178
128  179
128  205
128  208
128  211
128  212
128  222
128  225
128  226
128  228
128  229
128  230
129  22
129  30
129  37
129  44
129  55
129  56
129  57
129  63
129  69
129  70
129  71
129  74
129  75
129  85
129  87
129  88
129  89
129  90
129  91
129  92
129  93
129  94
129  95
129  96
129  97
129  98
129  99
129  100
129  101
129  102
129  103
129  104
129  105
129  106
129  107
129  108
129  109
129  110
129  111
129  112
129  113
129  115
129  116
129  117
129  118
129  121
129  122
129  123
129  124
129  126
129  127
129  128
129  129
129  131
129  132
129  133
129  134
129  135
129  136
129  137
129  138
129  139
129  140
129  141
129  142
129  143
129  144
129  145
129  146
129  147
129  148
129  150
129  151
129  152
129  153
129  154
129  155
129  157
129  158
129  159
129  170
129  171
129  172
129  173
129  174
129  179
129  208
129  209
129  223
129  225
129  226
129  229
129  230
129  231
129  232
129  233
130  17
130  33
130  34
130  35
130  38
130  43
130  44
130  46
130  54
130  55
130  56
130  60
130  61
130  62
130  65
130  66
130  67
130  68
130  70
130  73
130  79
130  83
130  84
130  86
130  87
130  88
130  89
130  90
130  91
130  92
130  93
130  94
130  95
130  96
130  97
130  98
130  99
130  100
130  101
130  102
130  103
130  104
130  105
130  106
130  107
130  108
130  109
130  110
130  111
130  112
130  113
130  115
130  116
130  117
130  118
130  120
130  121
130  122
130  123
130  124
130  126
130  127
130  128
130  129
130  130
130  131
130  132
130  133
130  134
130  135
130  136
130  137
130  138
130  139
130  141
130  143
130  144
130  145
130  146
130  147
130  149
130  150
130  151
130  152
130  153
130  156
130  157
130  158
130  160
130  163
130  164
130  169
130  171
130  173
130  174
130  179
130  211
130  212
130  213
130  215
130  216
130  223
130  224
130  226
130  229
130  232
130  233
131  20
131  21
131  23
131  28
131  33
131  35
131  36
131  38
131  42
131  43
131  47
131  48
131  53
131  54
131  60
131  61
131  63
131  64
131  65
131  66
131  68
131  69
131  70
131  72
131  74
131  78
131  89
131  90
131  91
131  92
131  93
131  94
131  95
131  96
131  97
131  98
131  99
131  100
131  101
131  102
131  103
131  104
131  105
131  106
131  107
131  108
131  109
131  110
131  111
131  112
131  113
131  114
131  115
131  116
131  117
131  118
131  120
131  121
131  122
131  123
131  124
131  125
131  126
131  127
131  128
131  129
131  130
131  131
131  132
131  133
131  134
131  135
131  137
131  138
131  139
131  140
131  141
131  142
131  144
131  145
131  146
131  147
131  148
131  149
131  150
131  151
131  152
131  153
131  154
131  156
131  163
131  164
131  166
131  167
131  171
131  174
131  181
131  184
131  210
131  211
131  212
131  222
131  226
131  227
131  229
131  230
132  19
132  35
132  39
132  41
132  44
132  47
132  48
132  52
132  53
132  54
132  63
132  67
132  68
132  74
132  77
132  87
132  88
132  89
132  90
132  91
132  92
132  93
132  94
132  95
132  96
132  97
132  98
132  99
132  100
132  101
132  102
132  103
132  104
132  105
132  106
132  107
132  108
132  109
132  110
132  111
132  112
132  114
132  115
132  116
132  117
132  118
132  120
132  121
132  122
132  123
132  124
132  125
132  126
132  127
132  128
132  129
132  130
132  131
132  133
132  134
132  135
132  136
132  137
132  138
132  139
132  140
132  141
132  144
132  145
132  148
132  149
132  150
132  151
132  152
132  153
132  154
132  155
132  156
132  157
132  158
132  159
132  166
132  167
132  171
132  172
132  179
132  181
132  182
132  183
132  185
132  193
132  213
132  214
132  215
132  223
132  226
132  227
132  229
132  230
133  37
133  40
133  44
133  48
133  49
133  54
133  55
133  56
133  57
133  58
133  59
133  65
133  67
133  74
133  76
133  77
133  81
133  84
133  86
133  87
133  88
133  89
133  90
133  91
133  93
133  94
133  95
133  96
133  97
133  98
133  99
133  100
133  101
133  102
133  103
133  104
133  105
133  106
133  107
133  108
133  109
133  110
133  111
133  112
133  113
133  114
133  115
133  116
133  117
133  118
133  119
133  120
133  121
133  122
133  123
133  124
133  125
133  126
133  127
133  128
133  129
133  130
133  131
133  132
133  133
133  134
133  135
133  136
133  137
133  138
133  139
133  140
133  142
133  143
133  144
133  145
133  146
133  147
133  148
133  149
133  150
133  151
133  152
133  153
133  154
133  155
133  158
133  164
133  166
133  167
133  169
133  172
133  181
133  185
133  192
133  200
133  216
133  220
133  227
134  0
134  13
134  33
134  36
134  47
134  49
134  50
134  51
134  53
134  54
134  55
134  56
134  57
134  58
134  59
134  71
134  72
134  77
134  81
134  82
134  86
134  87
134  88
134  90
134  91
134  92
134  93
134  94
134  95
134  96
134  97
134  98
134  99
134  100
134  101
134  102
134  103
134  104
134  105
134  106
134  107
134  108
134  109
134  110
134  111
134  112
134  113
134  114
134  115
134  116
134  117
134  118
134  119
134  120
134  121
134  122
134  123
134  124
134  125
134  126
134  127
134  128
134  129
134  130
134  131
134  132
134  133
134  134
134  135
134  136
134  137
134  138
134  139
134  140
134  141
134  142
134  143
134  144
134  145
134  146
134  147
134  148
134  149
134  150
134  151
134  152
134  153
134  154
134  155
134  156
134  159
134  165
134  168
134  174
134  175
134  176
134  180
134  182
134  184
134  185
134  200
134  201
134  208
134  214
134  216
134  249
134  251
135  0
135  14
135  18
135  31
135  49
135  51
135  54
135  55
135  56
135  57
135  58
135  59
135  60
135  61
135  63
135  64
135  65
135  75
135  77
135  78
135  79
135  81
135  82
135  85
135  87
135  88
135  90
135  91
135  92
135  93
135  94
135  95
135  96
135  97
135  98
135  99
135  100
135  101
135  102
135  103
135  104
135  105
135  106
135  107
135  108
135  109
135  110
135  111
135  112
135  113
135  114
135  115
135  116
135  117
135  118
135  119
135  120
135  121
135  122
135  123
135  124
135  125
135  126
135  128
135  129
135  130
135  131
135  132
135  133
135  134
135  135
135  136
135  137
135  138
135  139
135  140
135  141
135  143
135  144
135  145
135  146
135  147
135  148
135  149
135  150
135  151
135  152
135  153
135  154
135  155
135  156
135  162
135  165
135  174
135  175
135  191
135  193
135  198
135  201
135  206
136  16
136  22
136  44
136  45
136  49
136  51
136  52
136  53
136  54
136  55
136  56
136  57
136  58
136  59
136  60
136  62
136  63
136  64
136  66
136  74
136  75
136  76
136  77
136  78
136  79
136  80
136  82
136  83
136  91
136  92
136  93
136  94
136  95
136  96
136  97
136  98
136  99
136  100
136  101
136  102
136  103
136  104
136  105
136  106
136  107
136  108
136  109
136  110
136  111
136  112
136  113
136  114
136  115
136  116
136  117
136  118
136  119
136  121
136  122
136  123
136  124
136  125
136  128
136  129
136  130
136  131
136  132
136  133
136  134
136  137
136  138
136  139
136  140
136  141
136  142
136  143
136  144
136  147
136  148
136  149
136  150
136  151
136  152
136  153
136  154
136  155
136  156
136  161
136  166
136  167
136  172
136  174
136  176
136  190
136  194
136  195
136  203
137  0
137  23
137  46
137  52
137  53
137  55
137  57
137  59
137  60
137  61
137  62
137  72
137  76
137  78
137  79
137  80
137  81
137  87
137  90
137  91
137  92
137  93
137  94
137  95
137  96
137  97
137  98
137  99
137  100
137  101
137  102
137  103
137  104
137  105
137  106
137  107
137  108
137  109
137  110
137  111
137  112
137  113
137  114
137  115
137  116
137  117
137  118
137  119
137  120
137  121
137  122
137  123
137  124
137  127
137  128
137  129
137  130
137  131
137  132
137  133
137  134
137  136
137  137
137  138
137  139
137  140
137  141
137  142
137  143
137  144
137  147
137  148
137  149
137  151
137  153
137  155
137  156
137  160
137  168
137  170
137  172
137  174
137  175
137  194
137  195
137  196
137  199
137  204
137  229
137  231
137  235
138  9
138  10
138  14
138  16
138  17
138  45
138  46
138  47
138  55
138  56
138  57
138  59
138  60
138  69
138  78
138  79
138  80
138  81
138  84
138  90
138  91
138  92
138  93
138  94
138  95
138  96
138  97
138  98
138  99
138  100
138  101
138  102
138  103
138  104
138  105
138  106
138  107
138  108
138  109
138  110
138  111
138  112
138  113
138  114
138  115
138  116
138  117
138  118
138  119
138  121
138  122
138  123
138  124
138  127
138  128
138  129
138  131
138  132
138  133
138  135
138  136
138  137
138  138
138  139
138  140
138  141
138  142
138  144
138  145
138  146
138  147
138  148
138  149
138  151
138  155
138  156
138  161
138  170
138  172
138  192
138  193
138  194
138  229
138  230
138  231
138  232
139  8
139  20
139  55
139  56
139  59
139  61
139  64
139  82
139  83
139  85
139  89
139  92
139  93
139  94
139  95
139  96
139  97
139  98
139  99
139  100
139  101
139  102
139  103
139  104
139  105
139  106
139  107
139  108
139  109
139  110
139  111
139  112
139  113
139  114
139  115
139  116
139  117
139  118
139  120
139  121
139  122
139  123
139  126
139  127
139  130
139  131
139  132
139  133
139  136
139  137
139  138
139  139
139  140
139  142
139  144
139  145
139  146
139  151
139  152
139  155
139  156
139  157
139  191
139  192
139  194
139  195
139  227
139  231
140  7
140  11
140  54
140  58
140  65
140  66
140  68
140  69
140  70
140  84
140  89
140  93
140  94
140  95
140  96
140  97
140  98
140  99
140  100
140  101
140  102
140  103
140  104
140  105
140  106
140  107
140  108
140  109
140  110
140  111
140  112
140  113
140  114
140  115
140  116
140  117
140  118
140  121
140  122
140  123
140  124
140  125
140  126
140  127
140  129
140  130
140  131
140  132
140  136
140  137
140  138
140  139
140  140
140  141
140  144
140  145
140  146
140  148
140  153
140  154
140  155
140  156
140  157
140  158
140  159
140  164
140  165
140  166
140  172
140  220
140  222
140  223
141  6
141  7
141  9
141  10
141  52
141  53
141  54
141  62
141  63
141  65
141  66
141  67
141  68
141  69
141  70
141  71
141  72
141  76
141  77
141  88
141  89
141  90
141  92
141  93
141  94
141  95
141  96
141  97
141  98
141  99
141  100
141  101
141  102
141  103
141  104
141  105
141  106
141  107
141  108
141  109
141  110
141  111
141  112
141  113
141  114
141  115
141  116
141  117
141  118
141  119
141  120
141  121
141  122
141  124
141  125
141  126
141  127
141  128
141  129
141  130
141  131
141  132
141  134
141  135
141  136
141  137
141  138
141  139
141  140
141  141
141  142
141  145
141  146
141  147
141  148
141  151
141  152
141  153
141  154
141  155
141  156
141  157
141  158
141  166
141  167
141  168
141  169
141  173
141  176
141  177
141  178
141  191
141  196
141  217
141  219
141  221
141  222
141  224
141  226
141  229
141  230
141  231
141  232
141  233
141  234
141  235
141  237
142  4
142  5
142  6
142  47
142  54
142  55
142  58
142  59
142  61
142  63
142  64
142  65
142  66
142  67
142  68
142  70
142  71
142  72
142  73
142  76
142  82
142  87
142  88
142  89
142  91
142  92
142  93
142  94
142  95
142  96
142  97
142  98
142  99
142  100
142  101
142  102
142  103
142  104
142  105
142  106
142  107
142  108
142  109
142  110
142  111
142  112
142  113
142  114
142  115
142  116
142  117
142  118
142  119
142  120
142  121
142  123
142  124
142  125
142  126
142  127
142  128
142  129
142  130
142  131
142  132
142  133
142  134
142  135
142  137
142  138
142  139
142  140
142  141
142  143
142  145
142  146
142  147
142  148
142  151
142  152
142  153
142  154
142  155
142  156
142  157
142  158
142  159
142  162
142  163
142  164
142  165
142  166
142  167
142  168
142  169
142  173
142  174
142  175
142  176
142  177
142  179
142  180
142  213
142  215
142  219
142  221
142  223
142  224
142  225
142  226
142  227
142  228
142  230
142  232
142  233
142  236
143  57
143  58
143  60
143  66
143  67
143  68
143  69
143  70
143  71
143  72
143  92
143  93
143  94
143  95
143  96
143  97
143  98
143  99
143  100
143  101
143  102
143  103
143  104
143  105
143  106
143  107
143  108
143  109
143  110
143  111
143  112
143  113
143  114
143  115
143  116
143  117
143  118
143  119
143  120
143  121
143  122
143  123
143  124
143  125
143  126
143  127
143  128
143  129
143  130
143  131
143  132
143  133
143  135
143  137
143  138
143  139
143  140
143  143
143  144
143  145
143  147
143  149
143  151
143  152
143  153
143  154
143  155
143  156
143  157
143  158
143  159
143  160
143  164
143  165
143  166
143  168
143  172
143  177
143  226
143  228
143  234
143  247
144  57
144  58
144  59
144  61
144  62
144  63
144  65
144  66
144  68
144  69
144  70
144  71
144  72
144  78
144  79
144  80
144  81
144  82
144  90
144  91
144  92
144  94
144  95
144  96
144  97
144  98
144  99
144  100
144  101
144  102
144  103
144  104
144  105
144  106
144  107
144  108
144  109
144  110
144  111
144  112
144  113
144  114
144  115
144  116
144  117
144  118
144  119
144  120
144  121
144  122
144  123
144  124
144  125
144  126
144  127
144  128
144  129
144  130
144  131
144  132
144  133
144  134
144  135
144  136
144  138
144  139
144  140
144  142
144  143
144  144
144  146
144  147
144  149
144  151
144  152
144  153
144  154
144  155
144  156
144  157
144  158
144  159
144  160
144  161
144  166
144  167
144  168
144  170
144  172
144  173
144  174
144  175
144  176
144  180
144  211
144  213
144  216
144  218
144  223
144  224
144  225
144  226
144  228
144  229
144  230
144  245
144  251
145  0
145  1
145  59
145  60
145  61
145  62
145  63
145  64
145  65
145  67
145  70
145  71
145  72
145  74
145  75
145  76
145  78
145  80
145  81
145  84
145  86
145  91
145  92
145  93
145  94
145  95
145  96
145  97
145  98
145  99
145  100
145  101
145  102
145  103
145  104
145  105
145  106
145  107
145  108
145  109
145  110
145  111
145  112
145  113
145  114
145  115
145  116
145  117
145  118
145  119
145  123
145  124
145  125
145  126
145  127
145  128
145  129
145  130
145  131
145  132
145  133
145  134
145  135
145  136
145  137
145  138
145  139
145  140
145  142
145  143
145  146
145  147
145  148
145  149
145  151
145  152
145  153
145  154
145  155
145  156
145  157
145  158
145  159
145  160
145  161
145  163
145  167
145  168
145  169
145  171
145  173
145  200
145  210
145  213
145  214
145  219
145  220
145  232
145  235
145  248
145  251
146  0
146  1
146  2
146  28
146  57
146  58
146  60
146  61
146  62
146  64
146  66
146  67
146  70
146  75
146  78
146  80
146  85
146  90
146  91
146  93
146  94
146  95
146  96
146  97
146  98
146  99
146  100
146  101
146  102
146  103
146  104
146  105
146  106
146  107
146  108
146  109
146  110
146  111
146  112
146  113
146  114
146  115
146  116
146  117
146  118
146  119
146  120
146  121
146  122
146  123
146  124
146  125
146  126
146  127
146  128
146  129
146  130
146  131
146  132
146  133
146  134
146  135
146  136
146  137
146  138
146  139
146  140
146  142
146  143
146  144
146  145
146  146
146  147
146  148
146  149
146  150
146  151
146  152
146  153
146  154
146  155
146  156
146  157
146  158
146  159
146  160
146  161
146  165
146  168
146  198
146  199
146  200
146  211
146  212
146  213
146  214
146  225
146  226
146  227
146  249
147  0
147  5
147  7
147  26
147  46
147  47
147  56
147  58
147  59
147  60
147  61
147  65
147  66
147  67
147  75
147  81
147  88
147  89
147  91
147  93
147  94
147  95
147  96
147  98
147  99
147  100
147  101
147  102
147  103
147  104
147  105
147  106
147  107
147  108
147  109
147  110
147  111
147  112
147  113
147  114
147  115
147  116
147  117
147  118
147  119
147  122
147  123
147  124
147  125
147  126
147  127
147  128
147  129
147  130
147  131
147  132
147  133
147  134
147  135
147  136
147  137
147  138
147  139
147  142
147  143
147  144
147  145
147  146
147  147
147  148
147  149
147  150
147  151
147  152
147  153
147  154
147  155
147  156
147  157
147  158
147  159
147  160
147  161
147  163
147  164
147  165
147  169
147  202
147  203
147  209
147  212
147  217
147  218
147  222
147  226
147  230
147  251
148  0
148  3
148  4
148  43
148  46
148  53
148  64
148  65
148  66
148  69
148  75
148  76
148  82
148  83
148  84
148  92
148  93
148  94
148  95
148  96
148  97
148  98
148  99
148  100
148  101
148  102
148  103
148  104
148  105
148  106
148  107
148  108
148  109
148  110
148  111
148  112
148  113
148  114
148  115
148  116
148  117
148  118
148  119
148  121
148  122
148  123
148  124
148  125
148  126
148  127
148  128
148  129
148  130
148  131
148  132
148  133
148  134
148  135
148  136
148  137
148  138
148  142
148  143
148  144
148  145
148  146
148  148
148  149
148  150
148  151
148  152
148  153
148  154
148  155
148  156
148  157
148  158
148  159
148  160
148  161
148  162
148  163
148  164
148  201
148  202
148  204
148  205
148  215
148  219
148  220
148  221
148  223
148  227
148  243
148  246
148  247
148  248
148  250
149  0
149  41
149  42
149  44
149  46
149  47
149  48
149  50
149  54
149  58
149  59
149  61
149  62
149  63
149  65
149  66
149  68
149  72
149  74
149  75
149  76
149  77
149  79
149  83
149  90
149  91
149  92
149  93
149  95
149  96
149  97
149  98
149  99
149  100
149  101
149  102
149  103
149  104
149  105
149  106
149  107
149  108
149  109
149  110
149  111
149  112
149  113
149  114
149  115
149  116
149  117
149  118
149  119
149  121
149  122
149  123
149  124
149  125
149  126
149  127
149  128
149  129
149  130
149  131
149  132
149  133
149  134
149  135
149  136
149  138
149  140
149  141
149  142
149  143
149  144
149  145
149  146
149  148
149  149
149  150
149  151
149  152
149  153
149  154
149  155
149  156
149  157
149  158
149  159
149  160
149  161
149  162
149  163
149  197
149  200
149  201
149  214
149  217
149  219
149  221
149  224
149  225
149  240
149  241
149  245
149  248
149  249
150  1
150  44
150  46
150  49
150  57
150  59
150  60
150  61
150  62
150  63
150  64
150  68
150  69
150  72
150  73
150  74
150  76
150  77
150  78
150  79
150  80
150  81
150  82
150  89
150  93
150  95
150  96
150  97
150  98
150  99
150  100
150  101
150  102
150  103
150  104
150  105
150  106
150  107
150  108
150  109
150  110
150  111
150  112
150  113
150  114
150  115
150  116
150  117
150  118
150  119
150  120
150  121
150  122
150  123
150  124
150  125
150  126
150  127
150  128
150  129
150  130
150  131
150  132
150  133
150  134
150  135
150  136
150  139
150  140
150  141
150  142
150  144
150  145
150  146
150  147
150  148
150  149
150  150
150  152
150  153
150  154
150  155
150  157
150  158
150  159
150  160
150  161
150  162
150  180
150  181
150  204
150  205
150  207
150  208
150  211
150  213
150  221
150  226
150  230
150  237
150  238
150  240
150  244
150  251
151  0
151  48
151  55
151  56
151  58
151  59
151  60
151  61
151  62
151  63
151  64
151  65
151  66
151  68
151  71
151  72
151  73
151  74
151  75
151  76
151  77
151  78
151  79
151  81
151  82
151  83
151  85
151  86
151  87
151  92
151  93
151  94
151  95
151  96
151  97
151  98
151  99
151  100
151  101
151  102
151  103
151  104
151  105
151  106
151  107
151  108
151  109
151  110
151  111
151  112
151  113
151  114
151  115
151  116
151  117
151  118
151  119
151  120
151  121
151  122
151  123
151  124
151  125
151  126
151  127
151  128
151  129
151  130
151  131
151  132
151  133
151  134
151  135
151  136
151  137
151  138
151  139
151  140
151  143
151  144
151  145
151  146
151  147
151  148
151  149
151  150
151  152
151  153
151  154
151  157
151  161
151  201
151  205
151  206
151  209
151  213
151  214
151  221
151  222
151  223
151  226
151  227
151  228
151  229
151  230
151  243
151  247
152  0
152  24
152  49
152  50
152  55
152  56
152  57
152  58
152  59
152  60
152  62
152  63
152  64
152  65
152  67
152  68
152  69
152  71
152  72
152  73
152  74
152  75
152  76
152  77
152  79
152  80
152  81
152  82
152  83
152  84
152  85
152  86
152  88
152  89
152  90
152  92
152  93
152  95
152  96
152  97
152  98
152  99
152  100
152  101
152  102
152  103
152  104
152  105
152  106
152  107
152  108
152  109
152  110
152  111
152  112
152  113
152  114
152  115
152  116
152  117
152  118
152  119
152  120
152  121
152  122
152  123
152  124
152  125
152  126
152  127
152  128
152  129
152  130
152  131
152  132
152  133
152  134
152  135
152  136
152  137
152  142
152  143
152  144
152  145
152  146
152  147
152  148
152  149
152  150
152  151
152  153
152  154
152  155
152  156
152  157
152  161
152  183
152  209
152  210
152  221
152  222
152  223
152  224
152  225
152  226
152  228
152  229
152  230
152  231
152  244
152  245
152  246
153  23
153  35
153  36
153  39
153  40
153  43
153  45
153  49
153  52
153  53
153  55
153  56
153  57
153  58
153  59
153  60
153  61
153  62
153  63
153  64
153  65
153  66
153  67
153  68
153  70
153  71
153  72
153  73
153  76
153  77
153  79
153  80
153  81
153  82
153  83
153  84
153  85
153  86
153  87
153  88
153  89
153  90
153  91
153  92
153  94
153  95
153  96
153  97
153  98
153  99
153  100
153  101
153  102
153  103
153  104
153  105
153  106
153  107
153  108
153  109
153  110
153  111
153  112
153  113
153  114
153  115
153  116
153  117
153  118
153  119
153  120
153  121
153  122
153  123
153  124
153  125
153  126
153  127
153  128
153  129
153  130
153  131
153  132
153  133
153  134
153  135
153  136
153  137
153  138
153  139
153  140
153  141
153  142
153  143
153  144
153  145
153  146
153  147
153  149
153  151
153  154
153  155
153  156
153  162
153  216
153  217
153  222
153  223
153  224
153  225
153  226
153  228
153  229
153  231
153  232
153  233
154  33
154  34
154  39
154  40
154  41
154  43
154  47
154  48
154  49
154  50
154  51
154  52
154  53
154  54
154  55
154  56
154  57
154  58
154  59
154  60
154  62
154  63
154  66
154  67
154  68
154  69
154  70
154  71
154  72
154  73
154  76
154  78
154  80
154  82
154  83
154  84
154  85
154  86
154  87
154  89
154  90
154  91
154  93
154  96
154  97
154  98
154  99
154  100
154  101
154  102
154  103
154  104
154  105
154  106
154  107
154  108
154  109
154  110
154  111
154  112
154  113
154  114
154  115
154  116
154  117
154  118
154  119
154  120
154  121
154  122
154  123
154  124
154  125
154  126
154  127
154  128
154  129
154  130
154  131
154  132
154  133
154  134
154  135
154  136
154  137
154  138
154  140
154  141
154  142
154  143
154  144
154  145
154  146
154  147
154  149
154  150
154  156
154  157
154  158
154  162
154  163
154  211
154  214
154  217
154  226
154  229
155  38
155  39
155  40
155  41
155  42
155  46
155  48
155  49
155  51
155  52
155  53
155  54
155  55
155  56
155  57
155  58
155  59
155  60
155  61
155  62
155  63
155  64
155  65
155  66
155  67
155  68
155  69
155  71
155  72
155  74
155  75
155  76
155  82
155  83
155  84
155  85
155  87
155  88
155  90
155  91
155  95
155  96
155  97
155  98
155  99
155  100
155  101
155  102
155  103
155  104
155  105
155  106
155  107
155  108
155  109
155  110
155  111
155  112
155  113
155  114
155  115
155  116
155  117
155  118
155  119
155  120
155  121
155  122
155  123
155  124
155  125
155  126
155  127
155  128
155  129
155  130
155  131
155  132
155  133
155  134
155  135
155  136
155  137
155  138
155  139
155  140
155  141
155  142
155  143
155  144
155  145
155  146
155  147
155  150
155  156
155  157
155  158
155  162
155  163
155  164
155  225
156  0
156  1
156  27
156  48
156  50
156  51
156  52
156  53
156  54
156  55
156  57
156  58
156  59
156  60
156  61
156  62
156  64
156  65
156  66
156  67
156  68
156  69
156  70
156  71
156  72
156  73
156  75
156  76
156  79
156  80
156  81
156  83
156  84
156  86
156  87
156  90
156  91
156  92
156  93
156  94
156  95
156  96
156  97
156  98
156  99
156  100
156  101
156  102
156  103
156  104
156  105
156  106
156  107
156  108
156  109
156  110
156  111
156  112
156  113
156  114
156  115
156  116
156  117
156  118
156  119
156  120
156  121
156  122
156  123
156  124
156  125
156  126
156  127
156  128
156  129
156  130
156  131
156  132
156  133
156  134
156  136
156  137
156  138
156  140
156  141
156  142
156  143
156  144
156  146
156  155
156  156
156  158
156  225
156  226
156  227
156  228
157  1
157  36
157  38
157  39
157  45
157  46
157  49
157  50
157  52
157  53
157  54
157  55
157  57
157  58
157  59
157  60
157  61
157  62
157  64
157  65
157  66
157  67
157  68
157  69
157  70
157  71
157  74
157  75
157  76
157  79
157  83
157  84
157  85
157  88
157  89
157  90
157  95
157  96
157  97
157  98
157  99
157  100
157  101
157  102
157  103
157  104
157  105
157  106
157  107
157  108
157  109
157  110
157  111
157  112
157  113
157  114
157  115
157  116
157  117
157  118
157  119
157  120
157  121
157  122
157  123
157  124
157  125
157  126
157  127
157  128
157  129
157  130
157  131
157  132
157  133
157  134
157  136
157  137
157  138
157  140
157  141
157  142
157  144
157  148
157  155
157  158
157  159
158  1
158  22
158  33
158  34
158  35
158  36
158  37
158  48
158  49
158  50
158  51
158  53
158  54
158  55
158  57
158  58
158  59
158  60
158  61
158  62
158  63
158  64
158  65
158  66
158  67
158  68
158  69
158  70
158  72
158  78
158  79
158  82
158  84
158  85
158  87
158  91
158  93
158  95
158  96
158  97
158  98
158  99
158  100
158  101
158  102
158  103
158  104
158  105
158  106
158  107
158  108
158  109
158  110
158  111
158  112
158  113
158  114
158  115
158  116
158  117
158  118
158  119
158  120
158  121
158  122
158  123
158  124
158  125
158  126
158  127
158  128
158  129
158  130
158  131
158  132
158  133
158  135
158  136
158  137
158  139
158  140
158  141
158  142
158  147
158  158
158  161
158  215
158  218
158  221
159  14
159  24
159  32
159  48
159  49
159  51
159  54
159  55
159  56
159  59
159  60
159  61
159  63
159  64
159  65
159  66
159  67
159  68
159  69
159  70
159  72
159  73
159  74
159  75
159  80
159  82
159  83
159  84
159  86
159  94
159  96
159  97
159  100
159  101
159  102
159  103
159  104
159  105
159  106
159  107
159  108
159  109
159  110
159  111
159  112
159  113
159  114
159  115
159  116
159  117
159  118
159  119
159  120
159  121
159  122
159  123
159  124
159  125
159  126
159  127
159  128
159  129
159  130
159  131
159  132
159  133
159  135
159  139
159  140
159  141
159  143
159  145
159  153
159  154
159  157
159  158
159  160
159  161
159  214
159  221
160  31
160  49
160  50
160  55
160  56
160  59
160  60
160  63
160  64
160  65
160  67
160  68
160  69
160  70
160  72
160  73
160  74
160  78
160  79
160  81
160  82
160  83
160  84
160  85
160  87
160  89
160  90
160  91
160  92
160  93
160  95
160  96
160  97
160  98
160  99
160  100
160  101
160  102
160  103
160  104
160  105
160  106
160  107
160  108
160  109
160  110
160  111
160  112
160  113
160  114
160  115
160  116
160  117
160  118
160  119
160  120
160  121
160  122
160  123
160  124
160  125
160  126
160  127
160  129
160  130
160  131
160  132
160  134
160  140
160  143
160  144
160  145
160  147
160  148
160  158
160  162
160  163
161  51
161  52
161  53
161  56
161  57
161  58
161  59
161  60
161  63
161  64
161  66
161  67
161  68
161  69
161  70
161  71
161  72
161  73
161  78
161  79
161  80
161  81
161  82
161  83
161  84
161  86
161  87
161  90
161  92
161  96
161  97
161  98
161  99
161  100
161  101
161  102
161  103
161  104
161  105
161  106
161  107
161  108
161  109
161  110
161  111
161  112
161  113
161  114
161  115
161  116
161  117
161  118
161  119
161  120
161  121
161  122
161  123
161  124
161  125
161  126
161  127
161  128
161  129
161  131
161  132
161  134
161  150
161  158
161  211
161  213
161  215
162  59
162  63
162  68
162  69
162  70
162  71
162  72
162  73
162  74
162  77
162  78
162  79
162  80
162  81
162  82
162  83
162  84
162  85
162  86
162  87
162  90
162  91
162  92
162  93
162  94
162  95
162  96
162  97
162  98
162  99
162  100
162  101
162  102
162  103
162  104
162  105
162  106
162  107
162  108
162  109
162  110
162  111
162  112
162  113
162  114
162  115
162  116
162  117
162  118
162  119
162  120
162  121
162  122
162  123
162  125
162  126
162  127
162  128
162  130
162  131
162  134
162  140
162  141
162  142
162  143
162  150
162  160
162  163
162  206
162  224
163  59
163  69
163  70
163  71
163  72
163  75
163  76
163  77
163  78
163  79
163  80
163  81
163  82
163  83
163  85
163  86
163  87
163  88
163  90
163  91
163  92
163  93
163  94
163  95
163  96
163  97
163  98
163  99
163  100
163  101
163  102
163  103
163  104
163  105
163  106
163  107
163  108
163  109
163  110
163  111
163  112
163  113
163  114
163  115
163  116
163  117
163  118
163  119
163  120
163  122
163  123
163  124
163  125
163  126
163  127
163  128
163  129
163  130
163  131
163  133
163  134
163  140
163  156
163  224
164  29
164  57
164  71
164  72
164  75
164  76
164  77
164  79
164  80
164  82
164  84
164  85
164  88
164  89
164  91
164  92
164  93
164  94
164  96
164  97
164  98
164  99
164  100
164  101
164  102
164  103
164  104
164  105
164  106
164  107
164  108
164  109
164  110
164  111
164  112
164  113
164  114
164  115
164  116
164  117
164  118
164  119
164  120
164  121
164  122
164  123
164  124
164  127
164  130
164  131
164  132
164  133
164  134
164  135
164  136
164  137
164  140
164  156
164  157
164  216
165  56
165  58
165  68
165  69
165  72
165  75
165  76
165  77
165  80
165  81
165  82
165  84
165  85
165  86
165  87
165  90
165  94
165  98
165  99
165  100
165  101
165  102
165  103
165  104
165  105
165  106
165  107
165  108
165  109
165  110
165  111
165  112
165  113
165  114
165  115
165  116
165  117
165  118
165  119
165  120
165  121
165  124
165  125
165  126
165  130
165  131
165  132
165  133
165  134
165  135
165  137
165  151
165  156
166  66
166  67
166  68
166  72
166  76
166  77
166  78
166  80
166  81
166  82
166  83
166  84
166  85
166  91
166  98
166  99
166  100
166  102
166  103
166  104
166  105
166  106
166  107
166  108
166  109
166  110
166  111
166  112
166  113
166  114
166  116
166  117
166  119
166  120
166  125
166  126
166  128
166  132
166  133
166  134
166  139
166  144
166  150
166  151
166  160
166  161
166  162
167  65
167  70
167  75
167  76
167  79
167  81
167  82
167  84
167  85
167  87
167  88
167  92
167  93
167  94
167  95
167  97
167  98
167  99
167  101
167  103
167  104
167  105
167  106
167  108
167  109
167  110
167  113
167  117
167  119
167  125
167  150
167  162
168  56
168  57
168  58
168  59
168  66
168  67
168  68
168  69
168  70
168  78
168  79
168  80
168  85
168  87
168  88
168  89
168  90
168  91
168  92
168  96
168  97
168  98
168  99
168  102
168  103
168  104
168  105
168  108
168  109
168  110
168  111
168  116
168  121
168  218
169  56
169  58
169  59
169  60
169  65
169  66
169  67
169  68
169  69
169  70
169  71
169  72
169  78
169  79
169  81
169  83
169  84
169  85
169  86
169  87
169  88
169  89
169  90
169  91
169  92
169  94
169  96
169  97
169  98
169  100
169  102
169  103
169  105
169  116
169  117
169  210
169  217
169  219
169  221
170  57
170  63
170  68
170  69
170  70
170  71
170  72
170  74
170  76
170  77
170  78
170  80
170  81
170  82
170  83
170  84
170  85
170  86
170  87
170  88
170  89
170  90
170  91
170  92
170  93
170  94
170  95
170  96
170  97
170  100
170  101
170  102
170  110
170  133
170  147
170  218
170  220
170  221
170  222
171  56
171  63
171  64
171  68
171  73
171  75
171  79
171  80
171  81
171  82
171  83
171  84
171  85
171  86
171  87
171  88
171  89
171  90
171  91
171  92
171  93
171  94
171  95
171  96
171  100
171  105
171  115
171  116
171  126
171  133
171  141
171  153
171  219
171  220
171  221
171  222
171  223
172  53
172  56
172  63
172  64
172  66
172  70
172  71
172  72
172  73
172  74
172  77
172  78
172  79
172  80
172  81
172  82
172  83
172  84
172  85
172  86
172  87
172  88
172  89
172  90
172  91
172  92
172  95
172  100
172  101
172  111
172  115
172  116
172  126
172  131
172  132
172  133
172  134
172  140
172  141
173  47
173  53
173  71
173  78
173  79
173  80
173  81
173  82
173  83
173  84
173  85
173  86
173  89
173  91
173  92
173  93
173  94
173  98
173  99
173  101
173  110
173  111
173  115
173  124
173  132
173  133
173  134
173  135
173  137
173  140
173  141
173  142
173  145
173  148
173  151
173  155
173  156
173  158
173  161
173  162
174  67
174  68
174  69
174  70
174  71
174  75
174  78
174  79
174  80
174  81
174  82
174  83
174  84
174  85
174  86
174  87
174  89
174  90
174  99
174  102
174  104
174  105
174  106
174  108
174  109
174  110
174  113
174  114
174  116
174  117
174  125
174  129
174  132
174  138
174  144
174  145
174  146
174  148
174  150
174  151
174  158
175  59
175  60
175  66
175  67
175  68
175  69
175  70
175  71
175  72
175  74
175  78
175  79
175  80
175  81
175  82
175  83
175  84
175  85
175  86
175  103
175  104
175  108
175  109
175  110
175  114
175  115
175  119
175  125
175  126
175  128
175  129
175  130
175  132
175  136
175  137
175  140
175  144
175  145
175  146
175  147
175  148
175  149
175  151
176  62
176  63
176  65
176  67
176  68
176  69
176  70
176  71
176  72
176  74
176  75
176  76
176  78
176  79
176  80
176  81
176  82
176  83
176  84
176  88
176  101
176  102
176  103
176  104
176  108
176  109
176  125
176  126
176  127
176  128
176  131
176  132
176  137
176  144
176  145
176  146
176  147
176  148
176  149
176  150
176  151
176  152
176  216
177  62
177  63
177  64
177  65
177  66
177  68
177  70
177  74
177  75
177  77
177  78
177  79
177  81
177  82
177  83
177  93
177  94
177  99
177  100
177  102
177  103
177  104
177  105
177  107
177  108
177  109
177  111
177  112
177  115
177  116
177  117
177  123
177  126
177  127
177  128
177  129
177  145
177  147
177  148
177  151
177  165
177  208
177  217
177  218
178  61
178  62
178  65
178  66
178  67
178  68
178  74
178  75
178  79
178  80
178  81
178  82
178  83
178  84
178  85
178  86
178  87
178  88
178  93
178  94
178  95
178  96
178  97
178  98
178  100
178  102
178  103
178  105
178  106
178  107
178  108
178  111
178  112
178  113
178  114
178  116
178  117
178  119
178  125
178  129
178  166
178  197
178  210
179  66
179  67
179  69
179  70
179  71
179  72
179  74
179  81
179  87
179  93
179  94
179  95
179  96
179  98
179  99
179  102
179  103
179  104
179  106
179  107
179  108
179  109
179  110
179  112
179  113
179  114
179  115
179  116
179  117
179  118
179  120
179  127
179  128
179  129
179  136
179  151
179  157
179  201
179  202
179  205
179  206
179  210
179  211
180  68
180  69
180  70
180  74
180  79
180  80
180  81
180  86
180  87
180  92
180  94
180  97
180  101
180  104
180  105
180  106
180  107
180  108
180  109
180  110
180  111
180  112
180  114
180  116
180  118
180  120
180  121
180  125
180  136
180  152
180  158
180  162
180  200
180  202
180  206
180  207
180  208
180  209
180  211
180  212
180  213
181  78
181  79
181  85
181  92
181  93
181  96
181  97
181  103
181  104
181  105
181  106
181  107
181  108
181  109
181  110
181  111
181  112
181  113
181  114
181  115
181  117
181  118
181  119
181  120
181  121
181  127
181  128
181  130
181  136
181  137
181  142
181  144
181  147
181  148
181  152
181  157
181  165
181  167
181  211
181  214
182  62
182  68
182  73
182  74
182  80
182  90
182  91
182  92
182  93
182  94
182  96
182  103
182  104
182  105
182  106
182  107
182  108
182  109
182  110
182  111
182  112
182  113
182  114
182  115
182  116
182  117
182  118
182  120
182  123
182  126
182  135
182  137
182  148
182  152
182  156
182  157
182  159
182  166
182  167
182  210
182  213
182  214
183  68
183  75
183  79
183  80
183  92
183  93
183  94
183  95
183  99
183  101
183  103
183  105
183  106
183  107
183  109
183  110
183  111
183  114
183  115
183  116
183  118
183  119
183  121
183  123
183  129
183  131
183  137
183  138
183  139
183  140
183  142
183  145
183  146
183  147
183  156
183  167
183  168
183  170
183  210
183  214
183  215
183  216
184  68
184  74
184  87
184  88
184  89
184  90
184  91
184  92
184  94
184  99
184  102
184  103
184  104
184  108
184  109
184  110
184  111
184  112
184  113
184  129
184  131
184  133
184  134
184  135
184  136
184  137
184  143
184  146
184  147
184  148
184  152
184  157
184  158
184  167
184  171
184  172
184  198
184  211
184  212
184  214
184  215
185  65
185  68
185  85
185  86
185  89
185  90
185  91
185  92
185  102
185  103
185  106
185  107
185  108
185  109
185  110
185  111
185  114
185  115
185  122
185  125
185  126
185  127
185  128
185  129
185  130
185  134
185  135
185  136
185  138
185  139
185  140
185  141
185  145
185  146
185  170
185  173
185  200
185  202
185  210
186  63
186  65
186  66
186  69
186  76
186  83
186  84
186  86
186  87
186  88
186  89
186  92
186  98
186  102
186  106
186  108
186  109
186  111
186  115
186  116
186  122
186  125
186  129
186  130
186  131
186  136
186  138
186  139
186  140
186  142
186  143
186  147
186  171
186  172
186  195
186  197
186  198
186  200
187  20
187  59
187  65
187  67
187  69
187  70
187  78
187  81
187  82
187  84
187  85
187  88
187  89
187  93
187  94
187  95
187  97
187  103
187  104
187  108
187  116
187  117
187  122
187  126
187  128
187  129
187  131
187  141
187  142
187  144
187  145
187  152
187  168
187  169
187  173
187  174
187  196
187  198
187  202
187  203
188  16
188  66
188  67
188  68
188  70
188  83
188  84
188  86
188  87
188  88
188  89
188  92
188  93
188  95
188  97
188  99
188  100
188  101
188  102
188  103
188  107
188  108
188  113
188  114
188  121
188  123
188  124
188  125
188  127
188  128
188  129
188  131
188  133
188  142
188  145
188  168
188  169
188  204
188  206
189  66
189  67
189  68
189  86
189  87
189  90
189  91
189  92
189  93
189  96
189  97
189  101
189  103
189  106
189  107
189  108
189  113
189  114
189  117
189  120
189  122
189  124
189  125
189  127
189  128
189  129
189  130
189  131
189  138
189  144
189  145
189  196
189  197
189  198
189  199
189  200
189  204
189  208
189  209
189  210
190  66
190  68
190  81
190  86
190  88
190  90
190  96
190  99
190  100
190  101
190  102
190  103
190  104
190  106
190  107
190  108
190  109
190  110
190  113
190  114
190  115
190  116
190  118
190  120
190  126
190  129
190  130
190  131
190  138
190  142
190  144
190  145
190  146
190  200
190  207
190  210
190  211
191  5
191  85
191  86
191  87
191  88
191  97
191  98
191  99
191  100
191  101
191  102
191  104
191  105
191  106
191  107
191  108
191  115
191  117
191  118
191  119
191  120
191  121
191  122
191  125
191  126
191  127
191  128
191  129
191  130
191  131
191  136
191  141
191  146
191  152
191  153
191  167
191  172
192  80
192  81
192  86
192  88
192  93
192  94
192  95
192  96
192  97
192  98
192  99
192  100
192  102
192  103
192  105
192  106
192  107
192  113
192  114
192  118
192  119
192  120
192  121
192  123
192  125
192  126
192  127
192  128
192  129
192  130
192  131
192  136
192  145
192  146
192  153
192  169
192  172
192  196
193  80
193  81
193  86
193  93
193  94
193  95
193  96
193  97
193  100
193  102
193  103
193  105
193  107
193  110
193  113
193  114
193  115
193  116
193  119
193  120
193  123
193  124
193  125
193  126
193  127
193  128
193  129
193  130
193  131
193  145
193  153
193  171
193  172
193  194
193  199
194  83
194  86
194  87
194  92
194  93
194  94
194  95
194  96
194  97
194  99
194  100
194  102
194  105
194  110
194  113
194  114
194  115
194  117
194  119
194  122
194  123
194  125
194  128
194  129
194  130
194  139
194  140
194  141
194  142
194  145
194  152
194  173
194  196
194  199
194  200
194  201
195  3
195  80
195  84
195  87
195  88
195  90
195  93
195  94
195  95
195  96
195  99
195  100
195  102
195  106
195  113
195  117
195  118
195  119
195  122
195  124
195  125
195  128
195  129
195  130
195  140
195  141
195  142
195  143
195  144
195  145
195  147
195  152
195  153
195  172
195  173
195  197
195  200
196  2
196  82
196  87
196  90
196  96
196  97
196  98
196  99
196  104
196  109
196  112
196  113
196  115
196  116
196  117
196  120
196  121
196  123
196  128
196  129
196  131
196  138
196  140
196  143
196  144
196  146
196  148
196  199
196  200
196  201
196  202
197  79
197  84
197  86
197  88
197  97
197  98
197  104
197  106
197  107
197  109
197  111
197  113
197  114
197  115
197  116
197  118
197  119
197  120
197  121
197  122
197  123
197  124
197  125
197  127
197  130
197  140
197  142
197  143
197  152
197  158
197  174
197  202
198  82
198  84
198  86
198  97
198  101
198  102
198  105
198  114
198  115
198  116
198  117
198  118
198  119
198  120
198  121
198  122
198  124
198  125
198  128
198  143
198  146
198  147
198  152
198  153
198  157
198  166
198  167
198  169
198  172
198  173
198  174
198  201
199  77
199  83
199  85
199  86
199  94
199  96
199  97
199  98
199  101
199  102
199  104
199  112
199  113
199  115
199  116
199  117
199  120
199  121
199  122
199  125
199  126
199  128
199  132
199  144
199  145
199  158
199  167
199  168
199  180
199  200
199  202
200  83
200  85
200  86
200  95
200  103
200  104
200  112
200  113
200  118
200  120
200  123
200  124
200  125
200  127
200  134
200  141
200  143
200  144
200  153
200  158
200  167
200  168
200  169
200  170
200  172
200  175
200  179
200  180
200  181
201  81
201  82
201  84
201  85
201  86
201  95
201  97
201  101
201  104
201  112
201  115
201  116
201  119
201  120
201  121
201  122
201  124
201  125
201  126
201  129
201  133
201  144
201  145
201  147
201  152
201  153
201  159
201  168
201  169
201  181
202  76
202  81
202  82
202  94
202  95
202  101
202  113
202  114
202  122
202  123
202  124
202  125
202  126
202  128
202  131
202  147
202  148
202  152
202  153
202  168
202  169
202  170
202  171
202  173
202  174
202  176
202  181
202  182
202  183
203  83
203  94
203  95
203  100
203  118
203  119
203  121
203  122
203  124
203  125
203  128
203  129
203  130
203  138
203  143
203  148
203  151
203  153
203  169
203  170
203  174
203  175
203  177
203  183
203  184
203  188
204  74
204  84
204  92
204  94
204  95
204  96
204  112
204  113
204  114
204  119
204  121
204  123
204  125
204  130
204  131
204  137
204  139
204  142
204  143
204  149
204  156
204  170
204  176
204  184
204  186
204  188
205  82
205  93
205  99
205  105
205  112
205  114
205  116
205  118
205  119
205  123
205  125
205  127
205  129
205  132
205  137
205  141
205  142
205  143
205  146
205  148
205  155
205  169
205  171
205  173
205  174
205  176
205  189
206  89
206  92
206  93
206  97
206  99
206  105
206  112
206  113
206  114
206  118
206  119
206  120
206  129
206  130
206  131
206  133
206  139
206  143
206  147
206  148
206  150
206  154
206  167
206  169
206  170
206  173
206  175
207  88
207  89
207  92
207  97
207  98
207  106
207  111
207  113
207  118
207  121
207  122
207  128
207  138
207  140
207  142
207  147
207  148
207  150
207  154
207  155
207  170
207  171
207  173
207  175
207  176
207  179
207  185
208  88
208  89
208  95
208  97
208  111
208  112
208  115
208  119
208  128
208  140
208  144
208  147
208  149
208  150
208  153
208  154
208  169
208  172
208  174
208  176
208  179
208  180
208  181
208  182
209  87
209  112
209  115
209  120
209  121
209  127
209  128
209  129
209  133
209  136
209  137
209  141
209  143
209  144
209  147
209  150
209  154
209  155
209  170
209  171
209  172
209  176
209  181
209  182
210  95
210  109
210  110
210  111
210  112
210  116
210  118
210  127
210  129
210  131
210  138
210  144
210  147
210  148
210  150
210  155
210  157
210  170
210  171
210  172
210  174
210  182
210  183
210  184
210  185
211  96
211  107
211  108
211  110
211  119
211  128
211  129
211  131
211  136
211  137
211  138
211  141
211  143
211  149
211  154
211  156
211  157
211  158
211  172
211  175
211  176
211  177
211  180
211  182
211  183
211  185
212  87
212  96
212  97
212  109
212  117
212  118
212  122
212  127
212  128
212  133
212  137
212  139
212  140
212  142
212  143
212  149
212  150
212  154
212  155
212  157
212  171
212  177
213  109
213  110
213  118
213  128
213  131
213  133
213  134
213  140
213  142
213  144
213  147
213  149
213  153
213  154
213  157
213  171
213  180
213  181
213  183
213  184
213  185
214  95
214  109
214  111
214  112
214  114
214  118
214  119
214  124
214  127
214  128
214  131
214  136
214  140
214  149
214  150
214  151
214  153
214  154
214  157
214  158
214  170
214  174
215  96
215  111
215  113
215  127
215  132
215  134
215  136
215  139
215  143
215  149
215  153
215  154
215  156
215  164
215  169
215  170
215  174
215  186
215  188
216  96
216  97
216  112
216  113
216  116
216  124
216  125
216  127
216  128
216  134
216  136
216  154
216  156
216  157
216  158
216  160
216  166
216  171
216  172
216  174
217  96
217  110
217  112
217  123
217  125
217  126
217  127
217  135
217  136
217  140
217  143
217  147
217  150
217  154
217  157
217  174
217  175
217  176
218  96
218  112
218  126
218  132
218  136
218  137
218  143
218  147
218  157
218  158
218  159
218  161
218  166
218  168
218  170
218  171
219  109
219  115
219  126
219  127
219  128
219  129
219  130
219  135
219  138
219  151
219  154
219  155
219  157
219  161
219  170
219  171
219  175
219  176
220  103
220  110
220  115
220  123
220  125
220  126
220  130
220  133
220  139
220  152
220  156
220  157
220  158
220  160
220  166
220  171
220  172
220  173
221  110
221  124
221  126
221  129
221  130
221  134
221  135
221  137
221  138
221  151
221  154
221  157
221  158
221  169
221  171
222  103
222  112
222  125
222  126
222  128
222  130
222  134
222  135
222  141
222  155
222  160
222  162
222  170
223  126
223  128
223  131
223  134
223  135
223  136
223  138
223  145
223  156
223  158
223  161
223  162
223  168
224  102
224  126
224  127
224  128
224  134
224  138
224  155
224  160
224  161
224  162
224  170
225  127
225  129
225  133
225  134
225  137
225  140
225  141
225  144
225  161
225  163
225  170
226  127
226  133
226  134
226  135
226  137
226  161
226  169
226  171
226  173
227  133
227  134
227  135
227  136
227  139
227  163
227  170
228  129
228  134
228  136
228  137
228  140
228  142
228  143
228  144
228  170
229  134
229  135
229  136
229  139
229  141
229  172
230  134
230  135
230  144
230  170
230  171
230  172
231  135
231  136
231  143
231  145
231  166
231  171
232  135
232  136
232  143
232  171
232  172
233  136
233  144
233  171
234  136
234  142
234  144
235  136
235  143
235  169
235  173
236  135
236  137
236  143
236  172
237  173
238  132
238  135
238  173
238  174
239  174
240  135
240  140
240  173
240  175
241  134
241  142
242  135
242  142
242  175
242  184
242  185
243  135
243  143
243  194
244  135
244  142
244  179
244  185
245  144
245  160
245  177
246  136
246  177
246  179
246  181
247  138
247  179
248  141
248  180
248  181
248  182
249  138
249  139
249  143
249  180
249  195
250  140
250  144
250  146
250  174
250  180
250  181
251  139
251  141
251  142
251  144
251  147
