0
0
0
0
0
0
0
0
0
0
0
0
0
0
0
0
0
0
0
0
0
0
0
0
0
0
0
0
0
0
0
0
0
0
0
0
0
0
0
0
0
0
0
0
0
0
0
0
0
0
0
0
0
0
0
0
0
0
0
0
0
0
0
0
0
0
0
0
0
0
0
0
0
0
0
0
0
0
0
0
0
0
0
0
0
0
0
0
0
0
0.105768
0.224743
0.384191
0.416797
0.285413
0.41184
0.580542
0.653435
0.665199
0.847765
1.0283
1.1878
1.35174
1.32316
1.12701
1.11
1.21238
1.2614
1.32632
1.13501
0.937985
1.00129
1.21776
1.27092
0.956874
0.957516
0.950011
1.23802
1.11189
1.01655
1.2756
1.33446
1.23309
1.02918
1.09886
1.26967
1.23543
1.3306
1.1775
1.18808
1.27213
1.25358
1.20079
1.17907
1.2695
1.2083
1.1665
1.12585
1.08432
0.936588
0.961521
1.22314
1.31923
1.05579
1.26263
1.23696
1.22103
1.20881
1.21593
1.24192
1.21111
1.22512
1.25469
1.26586
1.18941
1.10725
1.04457
0.940834
0.879934
0.798734
0.717556
0.633081
0.592201
0.47699
0.397424
0.317044
0.19855
0.0329982
0
0
0
0
0
0
0
0
0
0
0
0
0
0
0
0
0
0
0
0
0
0
0
0
0
0
0
0
0
0
0
0
0
0
0
0
0
0
0
0
0
0
0
0
0
0
0
0
0
0
0
0
0
0
0
0
0
0
0
0
0
0
0
0
0
0
0
0
0
0
0
0
0
0
0
0
0
0
0
0
0
0
0
0
0
0
0
0
0
0
0
0
0
0
0
0
0
0
0
0
0
0
0
0
0
0
0
0
0
0
0
0
0
0
0
0
0
0
0
0
0
0
0
0
0
0
0
0
0
0
0
0
0
0
0
0
0
0
0
0
0
0
0
0
0
0
0
0
0
0
0
0
0
0
0
0
0
0
0
0
0
0
0
0
0
0
0
0
0
0
0
0
0
0
0
0
0.233779
0.432174
0.587287
0.727333
0.829521
0.944959
1.004
1.01245
0.887529
0.942719
0.985892
1.03238
1.0713
1.17034
1.17229
1.12328
0.985302
0.976515
1.00995
0.999599
1.06012
1.11209
1.09569
0.990769
0.879752
0.984692
0.92559
0.810948
0.98368
1.05012
1.04777
1.04312
0.865425
0.969306
1.23366
1.132
0.839518
1.06599
1.12392
1.18074
1.12342
1.1052
1.05393
1.15229
1.1747
1.07745
1.05316
1.08672
1.06114
1.0848
0.96958
0.979963
0.883116
0.868894
0.875062
1.1632
1.11461
0.952163
1.07777
1.04781
1.06954
1.03898
1.08273
0.945696
1.10205
0.961062
0.852604
0.68305
0.430071
0.30927
0.0351719
0
0
0
0
0
0
0
0
0
0
0
0
0
0
0
0
0
0
0
0
0
0
0
0
0
0
0
0
0
0
0
0
0
0
0
0
0
0
0
0
0
0
0
0
0
0
0
0
0
0
0
0
0
0
0
0
0
0
0
0
0
0
0
0
0
0
0
0
0
0
0
0
0
0
0
0
0
0
0
0
0
0
0
0
0
0
0
0
0
0
0
0
0
0
0
0
0
0
0
0
0
0
0
0
0
0
0
0
0
0
0
0
0
0
0
0
0
0
0
0
0
0
0
0
0
0
0
0
0
0
0
0
0
0
0
0
0
0
0
0
0
0
0
0
0
0
0
0
0
0
0
0
0
0
0
0
0
0
0
0
0
0
0
0
0
0
0
0
0
0
0.0149607
0.0847386
0.175543
0.22161
0.26044
0.303025
0.357815
0.398377
0.444415
0.472941
0.520869
0.560271
0.607822
0.639505
0.65782
0.708593
0.764133
0.776053
0.835432
0.897999
0.741909
0.803982
0.962867
0.943812
0.872846
0.97556
1.01412
1.12954
1.14503
1.20954
1.18197
1.09803
0.961314
0.905997
0.994232
0.990984
1.14408
1.13494
1.11275
1.0299
1.05532
1.03737
0.941278
0.840256
0.710917
1.21221
1.13358
0.940472
0.963792
1.10907
1.04892
1.10263
1.03511
0.962926
1.13147
1.1853
1.09552
1.16453
1.01777
1.12185
1.17672
1.09341
1.14349
1.02924
1.07559
1.05161
0.91908
0.780634
0.81007
0.663055
0.565386
0.747574
0.819049
0.687539
0.733498
0.643284
0.636183
0.570099
0.526644
0.499139
0.487682
0.310749
0.465892
0.350638
0.304987
0.242336
0.204326
0.127969
0.08889
0
0
0
0
0
0
0
0
0
0
0
0
0
0
0
0
0
0
0
0
0
0
0
0
0
0
0
0
0
0
0
0
0
0
0
0
0
0
0
0
0
0
0
0
0
0
0
0
0
0
0
0
0
0
0
0
0
0
0
0
0
0
0
0
0
0
0
0
0
0
0
0
0
0
0
0
0
0
0
0
0
0
0
0
0
0
0
0
0
0
0
0
0
0
0
0
0
0
0
0
0
0
0
0
0
0
0
0
0
0
0
0
0
0
0
0
0
0
0
0
0
0
0
0
0
0
0
0
0
0
0
0
0
0
0
0
0
0
0
0
0
0
0
0
0
0
0
0
0
0
0
0
0
0
0.0464064
0.130855
0.152751
0.179614
0.200644
0.250086
0.279834
0.285241
0.312806
0.341339
0.373077
0.390737
0.431863
0.440419
0.456231
0.49062
0.501469
0.542897
0.568151
0.59648
0.625468
0.655036
0.681241
0.710262
0.736665
0.774154
0.764298
0.777714
0.808082
0.823846
0.838952
0.873401
0.900889
0.673943
0.820333
0.958797
1.0747
0.835703
0.757452
0.938594
1.05602
1.12237
1.21043
1.17622
1.07356
1.0513
0.961404
1.04068
1.0727
1.07216
1.13069
1.17273
1.08885
1.15143
1.06782
1.00627
0.99217
0.88367
1.05776
1.10742
0.915181
0.852669
0.935424
0.992705
0.912915
1.14079
1.15349
0.91352
0.923428
0.970855
0.953746
0.874485
0.838842
0.913846
0.866404
0.930273
0.789347
0.711399
0.761426
0.794846
0.602189
0.572794
0.500975
0.438346
0.393898
0.545604
0.576985
0.412841
0.477718
0.389681
0.498705
0.453097
0.389848
0.374859
0.297418
0.322079
0.357354
0.190332
0.290961
0.224496
0.187639
0.187364
0.130103
0.114277
0.0181685
0
0
0
0
0
0
0
0
0
0
0
0
0
0
0
0
0
0
0
0
0
0
0
0
0
0
0
0
0
0
0
0
0
0
0
0
0
0
0
0
0
0
0
0
0
0
0
0
0
0
0
0
0
0
0
0
0
0
0
0
0
0
0
0
0
0
0
0
0
0
0
0
0
0
0
0
0
0
0
0
0
0
0
0
0
0
0
0
0
0
0
0
0
0
0
0
0
0
0
0
0
0
0
0
0
0
0
0
0
0
0
0
0
0
0
0
0
0
0
0
0
0
0
0
0
0
0
0
0
0
0
0
0
0
0
0
0
0.0275621
0.061622
0.0940651
0.12391
0.15602
0.17104
0.200402
0.222568
0.239241
0.249627
0.262902
0.313547
0.306568
0.320922
0.335801
0.37275
0.398983
0.401243
0.436682
0.466363
0.466318
0.501725
0.520461
0.519912
0.538793
0.563783
0.566657
0.624534
0.604886
0.647093
0.644773
0.680188
0.693612
0.7222
0.725242
0.737776
0.769387
0.754798
0.772278
0.785337
0.804902
0.822565
0.836818
0.858487
0.885778
0.906715
0.929758
0.70978
0.727019
0.985521
1.173
1.00685
0.724177
0.911879
0.937702
1.14498
1.1539
1.05574
1.10275
1.02594
1.01167
0.934705
0.967991
1.03223
1.04823
1.10611
1.0754
1.02283
1.00736
0.950144
0.934878
0.87281
0.854175
1.01838
0.900786
0.854884
0.562331
0.608817
0.690263
0.859412
0.857596
0.81713
0.843913
0.943817
0.807461
0.709443
0.719192
0.714153
0.698221
0.733079
0.701114
0.562052
0.657298
0.713194
0.535936
0.455168
0.499382
0.323692
0.332916
0.290955
0.448559
0.426461
0.465355
0.362207
0.306412
0.298631
0.402142
0.393522
0.328393
0.280026
0.286499
0.239246
0.252358
0.244841
0.155402
0.218447
0.194903
0.142586
0.107252
0.116254
0.0318459
0
0
0
0
0
0
0
0
0
0
0
0
0
0
0
0
0
0
0
0
0
0
0
0
0
0
0
0
0
0
0
0
0
0
0
0
0
0
0
0
0
0
0
0
0
0
0
0
0
0
0
0
0
0
0
0
0
0
0
0
0
0
0
0
0
0
0
0
0
0
0
0
0
0
0
0
0
0
0
0
0
0
0
0
0
0
0
0
0
0
0
0
0
0
0
0
0
0
0
0
0
0
0
0
0
0
0
0
0
0
0
0
0
0
0
0
0
0
0
0
0
0
0
0
0.0916059
0.0918093
0.149807
0.144819
0.167269
0.193761
0.21472
0.213455
0.230089
0.241337
0.272773
0.268647
0.283998
0.300154
0.33194
0.354418
0.358128
0.378909
0.398623
0.413726
0.434075
0.429563
0.469746
0.492243
0.489749
0.514279
0.525963
0.56294
0.545334
0.544912
0.566557
0.578849
0.645056
0.608583
0.631832
0.654211
0.662001
0.662767
0.691036
0.722804
0.721994
0.73169
0.765503
0.755385
0.774515
0.790102
0.810518
0.819287
0.825359
0.822958
0.843625
0.883597
0.874587
0.886319
0.881173
0.906888
0.911943
0.909874
0.770873
0.58808
0.993013
1.01032
1.03189
0.836033
0.686192
0.872275
0.763841
0.949201
0.962863
0.942536
0.849258
0.825992
0.804742
0.752568
0.772971
0.837293
0.961307
0.952047
0.962842
0.823671
0.837128
0.850267
0.877393
0.788427
0.901504
0.860204
0.635222
0.533008
0.382556
0.586222
0.700809
0.527767
0.645237
0.728543
0.82422
0.695349
0.689055
0.754936
0.686537
0.619151
0.66585
0.619479
0.521406
0.506301
0.544731
0.532717
0.398195
0.481655
0.243187
0.244409
0.33521
0.373561
0.412802
0.346523
0.369188
0.353635
0.379128
0.332189
0.217724
0.340722
0.289517
0.294814
0.224213
0.23291
0.215987
0.156159
0.154439
0.15255
0.18803
0.170563
0.115849
0.0928577
0.0908277
0.0276864
0
0
0
0
0
0
0
0
0
0
0
0
0
0
0
0
0
0
0
0
0
0
0
0
0
0
0
0
0
0
0
0
0
0
0
0
0
0
0
0
0
0
0
0
0
0
0
0
0
0
0
0
0
0
0
0
0
0
0
0
0
0
0
0
0
0
0
0
0
0
0
0
0
0
0
0
0
0
0
0
0
0
0
0
0
0
0
0
0
0
0
0
0
0
0
0
0
0
0
0
0
0
0
0
0
0
0
0
0
0
0.0305643
0.0602149
0.106367
0.136033
0.131699
0.165202
0.180255
0.181499
0.213072
0.20916
0.239466
0.263276
0.268456
0.30775
0.299439
0.334427
0.338907
0.346095
0.363365
0.362209
0.383582
0.404323
0.425226
0.427303
0.437012
0.472826
0.484826
0.491898
0.511593
0.490782
0.521961
0.575906
0.539501
0.56765
0.570701
0.593886
0.615033
0.602384
0.609961
0.630454
0.651929
0.664376
0.685036
0.699156
0.703608
0.702056
0.721019
0.742406
0.750474
0.774652
0.774682
0.757497
0.781014
0.751557
0.746609
0.764249
0.751876
0.774104
0.772761
0.762209
0.753851
0.775325
0.754477
0.771868
0.746551
0.766129
0.76306
0.765928
0.798499
0.804063
0.619554
0.630744
0.685475
0.909163
0.831488
0.910838
0.580144
0.531471
0.68943
0.672364
0.857739
0.795914
0.778357
0.717938
0.71364
0.667072
0.650012
0.674774
0.68836
0.850392
0.8536
0.742413
0.65754
0.712599
0.742001
0.761163
0.793682
0.852634
0.667543
0.487876
0.379885
0.46663
0.589456
0.550886
0.496655
0.470937
0.68556
0.693496
0.593555
0.624136
0.659911
0.757167
0.695096
0.519497
0.334411
0.523672
0.542116
0.455235
0.484161
0.218444
0.187261
0.252744
0.369079
0.508464
0.329964
0.322521
0.322266
0.351694
0.333183
0.341297
0.341971
0.370249
0.302373
0.233394
0.197332
0.156689
0.206121
0.186629
0.0847064
0.183384
0.175094
0.149245
0.165906
0.139506
0.141723
0.0431992
0.0287243
0.0143881
0
0
0
0
0
0
0
0
0
0
0
0
0
0
0
0
0
0
0
0
0
0
0
0
0
0
0
0
0
0
0
0
0
0
0
0
0
0
0
0
0
0
0
0
0
0
0
0
0
0
0
0
0
0
0
0
0
0
0
0
0
0
0
0
0
0
0
0
0
0
0
0
0
0
0
0
0
0
0
0
0
0
0
0
0
0
0
0
0
0
0
0
0
0
0
0
0.0142342
0.0749029
0.0952487
0.086619
0.136985
0.121049
0.156272
0.144546
0.187587
0.18442
0.210949
0.210302
0.241971
0.262874
0.269317
0.292499
0.312246
0.312346
0.334089
0.342759
0.35879
0.382298
0.369034
0.397901
0.423295
0.424725
0.433619
0.428865
0.482048
0.475461
0.496683
0.515864
0.479745
0.514258
0.546779
0.540684
0.541203
0.537165
0.570781
0.602041
0.608726
0.612427
0.637167
0.640832
0.651214
0.642033
0.646661
0.677251
0.690865
0.668679
0.680613
0.674857
0.670639
0.681643
0.690452
0.677164
0.688965
0.669974
0.686677
0.687981
0.69205
0.655794
0.680867
0.675101
0.66432
0.657637
0.686123
0.673455
0.674191
0.665011
0.671079
0.672063
0.674781
0.673953
0.680107
0.668699
0.662561
0.669645
0.685545
0.702186
0.693072
0.741699
0.601855
0.59516
0.513393
0.723595
0.796086
0.668337
0.637127
0.541202
0.540652
0.583961
0.627443
0.724559
0.74706
0.666995
0.636466
0.579188
0.575027
0.593162
0.494502
0.685541
0.799151
0.697886
0.595565
0.652402
0.619205
0.647347
0.657781
0.841764
0.670817
0.287905
0.360118
0.575129
0.598908
0.432222
0.490483
0.427916
0.483763
0.571456
0.480865
0.606175
0.69914
0.625567
0.599141
0.592195
0.568188
0.589075
0.461968
0.377678
0.21095
0.216627
0.237197
0.382889
0.27871
0.379015
0.320414
0.326233
0.356002
0.328906
0.340627
0.314584
0.358859
0.278411
0.342833
0.371215
0.280642
0.0980907
0.0994708
0.103413
0.202338
0.0721356
0.17835
0.138461
0.106996
0.130213
0.131309
0.105055
0.0389392
0
0
0
0
0
0
0
0
0
0
0
0
0
0
0
0
0
0
0
0
0
0
0
0
0
0
0
0
0
0
0
0
0
0
0
0
0
0
0
0
0
0
0
0
0
0
0
0
0
0
0
0
0
0
0
0
0
0
0
0
0
0
0
0
0
0
0
0
0
0
0
0
0
0
0
0
0
0
0
0
0
0
0
0
0
0
0.0136103
0.0176197
0.0481912
0.0749893
0.0766768
0.118609
0.125119
0.145294
0.161278
0.163905
0.175081
0.208508
0.2263
0.251606
0.269239
0.270644
0.289941
0.289195
0.302297
0.325783
0.346467
0.349977
0.361813
0.391145
0.402744
0.398631
0.414173
0.419663
0.444341
0.455513
0.501306
0.492344
0.488651
0.483094
0.488644
0.517876
0.530063
0.532854
0.58732
0.562655
0.565607
0.592078
0.605731
0.611869
0.60919
0.611279
0.601105
0.594614
0.60941
0.60782
0.603435
0.618635
0.595338
0.597589
0.627246
0.611478
0.591167
0.600243
0.604538
0.617646
0.608629
0.613875
0.611753
0.596614
0.60015
0.62564
0.606437
0.620342
0.61287
0.591837
0.609287
0.601057
0.586415
0.618443
0.627703
0.594729
0.596716
0.591464
0.621392
0.608811
0.609951
0.609842
0.610394
0.609202
0.601242
0.614105
0.602763
0.62087
0.617949
0.615891
0.602778
0.625037
0.644947
0.605258
0.537018
0.478933
0.597764
0.584769
0.61431
0.690856
0.580278
0.45169
0.448176
0.568345
0.60119
0.665664
0.617583
0.55991
0.554039
0.468683
0.569426
0.450425
0.551039
0.684746
0.646772
0.56784
0.582658
0.584508
0.564677
0.53476
0.57466
0.553568
0.519058
0.331633
0.505106
0.524192
0.367365
0.403763
0.358283
0.326556
0.4504
0.639178
0.632995
0.608376
0.469058
0.471972
0.555657
0.609894
0.625513
0.421588
0.372002
0.310061
0.0749012
0.28578
0.30653
0.437049
0.400755
0.257497
0.260401
0.305925
0.340298
0.448649
0.318948
0.29505
0.28213
0.302048
0.33924
0.316244
0.312488
0.102102
0.0145513
0.0947558
0.111825
0.154102
0.165854
0.141276
0.149702
0.0894633
0.0967255
0.0823531
0
0
0
0
0
0
0
0
0
0
0
0
0
0
0
0
0
0
0
0
0
0
0
0
0
0
0
0
0
0
0
0
0
0
0
0
0
0
0
0
0
0
0
0
0
0
0
0
0
0
0
0
0
0
0
0
0
0
0
0
0
0
0
0
0
0
0
0
0
0
0
0
0
0
0
0
0.0135121
0
0.0151264
0.0428762
0.087054
0.0981771
0.122282
0.128305
0.129905
0.182342
0.160986
0.209932
0.233405
0.231329
0.241469
0.281076
0.272909
0.299823
0.302412
0.313864
0.330881
0.356244
0.351421
0.366776
0.38834
0.398537
0.407953
0.399466
0.420225
0.47346
0.457448
0.466283
0.480326
0.498655
0.509742
0.549184
0.529167
0.563386
0.538665
0.541715
0.554573
0.540589
0.571004
0.56249
0.566416
0.565024
0.570282
0.579276
0.560223
0.540342
0.535266
0.568194
0.561533
0.555171
0.571964
0.564673
0.561877
0.570388
0.557253
0.559271
0.550878
0.545867
0.550599
0.565239
0.540252
0.548434
0.559402
0.562246
0.564206
0.560598
0.567682
0.568322
0.556688
0.577148
0.554017
0.564101
0.561392
0.550408
0.54022
0.562068
0.549432
0.566595
0.54867
0.562027
0.549951
0.555553
0.534484
0.562434
0.555273
0.539535
0.533016
0.54595
0.556813
0.566972
0.54772
0.54597
0.546575
0.548445
0.552468
0.558591
0.560189
0.574464
0.593466
0.617716
0.499518
0.416798
0.446185
0.600429
0.547664
0.608398
0.566443
0.531969
0.420119
0.442296
0.600847
0.534598
0.558587
0.507148
0.508013
0.425402
0.488146
0.4253
0.480453
0.527217
0.639431
0.590467
0.448927
0.544073
0.39119
0.324263
0.355402
0.483352
0.542768
0.449231
0.384945
0.373189
0.390139
0.246955
0.32157
0.37601
0.428032
0.497836
0.599628
0.553706
0.516784
0.441615
0.51324
0.48436
0.422951
0.420104
0.446117
0.516726
0.454403
0.302334
0.278384
0.215739
0.291576
0.387207
0.378861
0.385669
0.245503
0.298626
0.326993
0.33747
0.272668
0.316971
0.294862
0.292037
0.358861
0.242857
0
0
0.0580481
0.205256
0.10082
0.17338
0.103418
0.0869694
0.0770852
0.0289893
0
0
0
0
0
0
0
0
0
0
0
0
0
0
0
0
0
0
0
0
0
0
0
0
0
0
0
0
0
0
0
0
0
0
0
0
0
0
0
0
0
0
0
0
0
0
0
0
0
0
0
0
0
0
0
0
0
0
0
0
0
0
0
0
0
0
0
0
0
0.0136826
0.0451586
0.0438359
0.0743862
0.0771062
0.100051
0.149583
0.163214
0.200149
0.218033
0.220926
0.231671
0.265555
0.260009
0.296367
0.296858
0.306486
0.325266
0.335974
0.352704
0.383325
0.372396
0.384985
0.39101
0.407763
0.445741
0.464098
0.43059
0.462423
0.491262
0.516275
0.529202
0.531501
0.509091
0.519258
0.519324
0.517484
0.539321
0.522685
0.548295
0.53514
0.523435
0.520465
0.524358
0.533569
0.52959
0.512671
0.532432
0.522553
0.52934
0.522074
0.532421
0.531474
0.509389
0.51955
0.518784
0.519876
0.524252
0.519656
0.529544
0.529715
0.532295
0.524779
0.504364
0.52774
0.524885
0.52193
0.50661
0.532266
0.527974
0.517003
0.535967
0.523928
0.508297
0.530631
0.516819
0.524777
0.517333
0.526898
0.549515
0.514382
0.513125
0.533543
0.534182
0.532881
0.513359
0.518494
0.508905
0.520063
0.517014
0.517609
0.51041
0.513105
0.508834
0.542597
0.534572
0.525447
0.531633
0.527231
0.513477
0.517809
0.498739
0.516622
0.521425
0.512472
0.524417
0.535826
0.54047
0.536508
0.563727
0.590961
0.465922
0.348098
0.467274
0.587193
0.465481
0.550639
0.566048
0.491384
0.457957
0.397137
0.450737
0.490203
0.539587
0.436976
0.487618
0.420287
0.416681
0.420075
0.427574
0.50553
0.675708
0.485125
0.370971
0.289277
0.299589
0.305006
0.414768
0.447825
0.535744
0.413031
0.277825
0.213527
0.410356
0.376431
0.425677
0.365823
0.340383
0.393798
0.54952
0.513752
0.392756
0.424728
0.402744
0.42407
0.587328
0.512835
0.481531
0.463847
0.608917
0.409262
0.283983
0.272632
0.235134
0.341833
0.342497
0.396574
0.393495
0.221459
0.289872
0.367753
0.327243
0.280398
0.292832
0.353591
0.236722
0.0842724
0
0.0619433
0.201747
0.180725
0.158233
0.0918863
0.0416301
0.0789098
0.0148824
0
0
0
0
0
0
0
0
0
0
0
0
0
0
0
0
0
0
0
0
0
0
0
0
0
0
0
0
0
0
0
0
0
0
0
0
0
0
0
0
0
0
0
0
0
0
0
0
0
0
0
0
0
0
0
0
0
0
0
0
0
0
0
0
0.0147659
0.0440429
0.107352
0.126988
0.0930798
0.153235
0.201766
0.211468
0.234508
0.243805
0.276759
0.290025
0.308822
0.312487
0.334962
0.328089
0.364151
0.381644
0.36852
0.392161
0.404155
0.400871
0.46915
0.450151
0.484146
0.489243
0.494147
0.48178
0.476493
0.493874
0.493628
0.479662
0.491109
0.480364
0.478705
0.475976
0.507009
0.485074
0.487989
0.49603
0.498042
0.500931
0.508562
0.49667
0.495924
0.477769
0.505105
0.495604
0.510388
0.505204
0.487551
0.499383
0.497767
0.497505
0.475686
0.482616
0.493581
0.493155
0.50295
0.493128
0.50324
0.492602
0.500405
0.48919
0.501293
0.492614
0.490765
0.486746
0.492862
0.485531
0.495996
0.492142
0.487462
0.485206
0.494642
0.497543
0.505091
0.496904
0.495986
0.499518
0.49102
0.482851
0.510068
0.487185
0.506547
0.504678
0.484929
0.468122
0.48032
0.482782
0.473275
0.47942
0.488199
0.483256
0.486042
0.486598
0.528547
0.492537
0.509923
0.485532
0.472876
0.472684
0.478825
0.47652
0.476055
0.510737
0.485168
0.470476
0.476254
0.490805
0.49493
0.489351
0.494067
0.516483
0.536272
0.559824
0.533044
0.523684
0.293684
0.460537
0.532216
0.499673
0.504806
0.547532
0.483134
0.436645
0.378113
0.457933
0.443101
0.437721
0.49787
0.326898
0.39834
0.361508
0.403596
0.549169
0.580561
0.431958
0.265484
0.28939
0.262811
0.311914
0.42681
0.48939
0.310445
0.332243
0.380604
0.351881
0.401171
0.411711
0.340086
0.276614
0.4123
0.210053
0.339691
0.255125
0.356657
0.525831
0.443128
0.469765
0.44137
0.51317
0.557994
0.48073
0.490417
0.525501
0.382593
0.370676
0.332586
0.254099
0.343805
0.249027
0.353084
0.387536
0.343532
0.254168
0.32124
0.329873
0.245972
0.340835
0.147242
0.0349512
0
0.129453
0.204601
0.131108
0.111127
0
0.0553933
0
0
0
0
0
0
0
0
0
0
0
0
0
0
0
0
0
0
0
0
0
0
0
0
0
0
0
0
0
0
0
0
0
0
0
0
0
0
0
0
0
0
0
0
0
0
0
0
0
0
0
0
0
0
0
0
0
0
0
0.02659
0
0.045223
0.0620362
0.0600324
0.119602
0.219322
0.219196
0.232066
0.245841
0.262925
0.297861
0.304955
0.324817
0.360086
0.370688
0.386419
0.396671
0.419235
0.411349
0.441122
0.481867
0.496863
0.470373
0.470236
0.467426
0.472743
0.464383
0.480478
0.44385
0.466264
0.478808
0.474178
0.468013
0.45826
0.478117
0.488254
0.472028
0.476264
0.479124
0.477714
0.465705
0.482976
0.489317
0.480883
0.488117
0.479187
0.475221
0.483089
0.4743
0.48991
0.485042
0.477976
0.474443
0.471199
0.483848
0.480715
0.478744
0.470829
0.46598
0.489846
0.489729
0.470829
0.475185
0.487596
0.479721
0.478492
0.475686
0.468666
0.459378
0.483342
0.476881
0.47101
0.474173
0.467472
0.488405
0.487077
0.488301
0.489704
0.484183
0.479792
0.486357
0.473911
0.491232
0.475496
0.509306
0.478353
0.465357
0.480846
0.484279
0.481179
0.465336
0.468973
0.476183
0.476491
0.472568
0.461211
0.466744
0.495075
0.492166
0.492496
0.471582
0.489653
0.459352
0.473194
0.466
0.469861
0.454542
0.46571
0.497218
0.467898
0.477499
0.462601
0.461771
0.472694
0.490337
0.472882
0.460925
0.467909
0.510671
0.510144
0.524539
0.420123
0.590432
0.582828
0.499351
0.262588
0.457828
0.453689
0.47289
0.470059
0.516633
0.458872
0.398043
0.407823
0.449211
0.347573
0.39514
0.444132
0.414197
0.311382
0.473291
0.371945
0.285943
0.386085
0.332385
0.243225
0.377802
0.343339
0.325543
0.363548
0.322908
0.402736
0.391797
0.359428
0.338635
0.362272
0.354078
0.279697
0.247677
0.0868979
0.344979
0.370497
0.443857
0.452244
0.45292
0.479301
0.540255
0.411883
0.502292
0.44238
0.45581
0.588148
0.551573
0.462891
0.38896
0.306786
0.320724
0.301121
0.364451
0.385179
0.364775
0.302385
0.25698
0.400146
0.181944
0.0451864
0.0484988
0.0670803
0.120036
0.154242
0.148959
0.0457385
0.0347366
0
0
0
0
0
0
0
0
0
0
0
0
0
0
0
0
0
0
0
0
0
0
0
0
0
0
0
0
0
0
0
0
0
0
0
0
0
0
0
0
0
0
0
0
0
0
0
0
0
0
0
0
0
0
0
0
0
0
0.0140968
0.0158914
0.0486008
0.0565297
0.222565
0.24701
0.265424
0.282698
0.300966
0.325231
0.375539
0.352666
0.399463
0.43083
0.44324
0.465855
0.470535
0.451043
0.475248
0.452935
0.455807
0.456762
0.459945
0.446726
0.450868
0.446723
0.469193
0.448208
0.454238
0.445253
0.477153
0.452549
0.46127
0.446346
0.452312
0.451067
0.454043
0.451856
0.469193
0.461142
0.475979
0.457091
0.458719
0.463864
0.463659
0.465555
0.467235
0.465333
0.44953
0.444405
0.445356
0.471384
0.462819
0.459306
0.446982
0.470904
0.466283
0.474763
0.458816
0.434301
0.461157
0.460241
0.456597
0.447134
0.457414
0.450779
0.454324
0.450808
0.453955
0.466098
0.453208
0.456208
0.460404
0.469451
0.450138
0.455276
0.45836
0.445127
0.461772
0.446907
0.478191
0.457815
0.454761
0.464816
0.450277
0.466812
0.462316
0.438618
0.45313
0.45657
0.440522
0.451307
0.45153
0.445276
0.445359
0.451742
0.450652
0.480532
0.464171
0.46861
0.456034
0.470306
0.455976
0.447904
0.446505
0.445155
0.475293
0.469754
0.445156
0.462081
0.441506
0.442429
0.454208
0.448077
0.449363
0.446756
0.446443
0.455802
0.476553
0.434095
0.447189
0.457388
0.469857
0.496469
0.424004
0.523933
0.529705
0.549414
0.550764
0.455566
0.336884
0.414998
0.45196
0.431756
0.496181
0.468058
0.436036
0.418786
0.451079
0.444536
0.298729
0.4607
0.398451
0.308461
0.273559
0.255803
0.274584
0.400247
0.292329
0.24064
0.362703
0.275084
0.497243
0.48192
0.309744
0.223463
0.427544
0.289728
0.403243
0.20106
0.248031
0.185501
0.122366
0.205033
0.380662
0.41313
0.482925
0.404232
0.512208
0.476061
0.447679
0.417523
0.460178
0.440843
0.557874
0.573917
0.469991
0.360261
0.402435
0.444566
0.392058
0.351402
0.337288
0.351792
0.387207
0.268725
0.164259
0.146516
0.113271
0.0178044
0.0990096
0.137762
0.0716624
0.0528722
0
0
0
0
0
0
0
0
0
0
0
0
0
0
0
0
0
0
0
0
0
0
0
0
0
0
0
0
0
0
0
0
0
0
0
0
0
0
0
0
0
0
0
0
0
0
0
0
0
0
0
0
0
0
0
0
0
0
0.0146796
0.0147009
0.0695882
0.261617
0.268391
0.319976
0.356069
0.386288
0.405753
0.471721
0.441179
0.461229
0.448169
0.449457
0.45635
0.449801
0.473259
0.459217
0.456752
0.43547
0.438491
0.464872
0.445454
0.442776
0.443439
0.435944
0.457
0.445734
0.47235
0.471964
0.460463
0.451997
0.448657
0.43477
0.448612
0.448413
0.453461
0.44923
0.448034
0.454709
0.455553
0.441856
0.446263
0.468958
0.474088
0.462845
0.459642
0.452806
0.457761
0.439943
0.434619
0.449229
0.462694
0.444189
0.434537
0.456053
0.466542
0.449824
0.450974
0.45013
0.444243
0.467603
0.432762
0.442824
0.448864
0.452735
0.461207
0.449355
0.458705
0.460036
0.446513
0.457331
0.448581
0.442972
0.450649
0.453432
0.446764
0.446397
0.457499
0.439423
0.455267
0.457055
0.468272
0.449568
0.432897
0.453183
0.452616
0.422344
0.459335
0.449846
0.44879
0.440781
0.439416
0.452195
0.451084
0.457252
0.455294
0.442468
0.45254
0.444998
0.450955
0.457439
0.446272
0.458114
0.43368
0.464787
0.439283
0.439592
0.436048
0.458083
0.440997
0.425294
0.443271
0.435451
0.438582
0.435672
0.438895
0.485953
0.423998
0.440865
0.451186
0.444788
0.457521
0.457851
0.452995
0.458647
0.39869
0.531462
0.492222
0.495484
0.515242
0.555476
0.522216
0.358487
0.394414
0.415812
0.416704
0.512559
0.438281
0.452589
0.450264
0.428067
0.455595
0.389294
0.249429
0.252495
0.161014
0.352129
0.162458
0.228109
0.243684
0.268651
0.431852
0.498277
0.360295
0.262846
0.156316
0.261018
0.413447
0.238373
0.246783
0.300787
0.111044
0.253428
0.100266
0.262737
0.365417
0.490257
0.456187
0.369661
0.437403
0.536096
0.495287
0.445013
0.401847
0.49453
0.459894
0.582412
0.486633
0.411928
0.393023
0.391946
0.334629
0.422677
0.299019
0.250918
0.385394
0.411472
0.222427
0.013678
0.119744
0.110306
0
0.0158974
0
0
0
0
0
0
0
0
0
0
0
0
0
0
0
0
0
0
0
0
0
0
0
0
0
0
0
0
0
0
0
0
0
0
0
0
0
0
0
0
0
0
0
0
0
0
0
0
0
0
0
0
0
0
0
0
0
0
0
0.070018
0.138508
0.31492
0.451556
0.45413
0.441226
0.447648
0.455937
0.443184
0.432876
0.440885
0.434771
0.437497
0.428421
0.46017
0.446267
0.435827
0.4725
0.438999
0.442565
0.44171
0.441504
0.43369
0.429645
0.432753
0.43823
0.437377
0.447851
0.439504
0.468104
0.438414
0.440765
0.438966
0.437127
0.443476
0.449491
0.440842
0.456999
0.452207
0.447881
0.424838
0.458493
0.46757
0.450915
0.449538
0.458105
0.439151
0.442264
0.442317
0.440221
0.441798
0.446306
0.464302
0.454164
0.451437
0.456996
0.442149
0.437976
0.434992
0.443478
0.462991
0.449055
0.450394
0.452113
0.439082
0.463641
0.445406
0.439655
0.441094
0.455128
0.432245
0.439293
0.446955
0.445325
0.442458
0.444161
0.449207
0.458034
0.444519
0.463273
0.43441
0.451585
0.428292
0.442213
0.445644
0.445659
0.429791
0.447518
0.438729
0.446527
0.452258
0.448318
0.447661
0.437968
0.442782
0.431559
0.466497
0.437727
0.429268
0.453748
0.421499
0.442662
0.463848
0.44714
0.436919
0.43976
0.421641
0.431629
0.445929
0.442912
0.434045
0.443904
0.446697
0.438527
0.446301
0.462569
0.416168
0.433424
0.448256
0.443616
0.437174
0.449463
0.447484
0.442206
0.4582
0.445066
0.433122
0.419991
0.528645
0.507392
0.499941
0.501683
0.488118
0.511724
0.487903
0.43154
0.367228
0.411785
0.410849
0.462498
0.480463
0.515327
0.462408
0.403041
0.317176
0.296213
0.109585
0.0508315
0.267387
0.30601
0.144931
0.428216
0.426382
0.286584
0.339894
0.249136
0.294663
0.320209
0.29576
0.350898
0.288131
0.23575
0.173421
0.173923
0.270789
0.315568
0.366108
0.385488
0.391998
0.479191
0.48364
0.519864
0.480441
0.464122
0.433302
0.439322
0.520672
0.547988
0.512474
0.385522
0.382124
0.343761
0.163948
0.341851
0.426238
0.385048
0.318247
0.417252
0.187333
0.107282
0
0
0
0
0
0
0
0
0
0
0
0
0
0
0
0
0
0
0
0
0
0
0
0
0
0
0
0
0
0
0
0
0
0
0
0
0
0
0
0
0
0
0
0
0
0
0
0
0
0
0
0
0
0
0
0
0
0
0
0
0
0
0.0407345
0.229544
0.32526
0.295545
0.441145
0.465269
0.45815
0.428731
0.440571
0.432791
0.437785
0.449322
0.427248
0.444712
0.473522
0.44208
0.422481
0.44807
0.431195
0.449184
0.460231
0.438003
0.439242
0.445484
0.437894
0.46296
0.442925
0.437154
0.419214
0.470174
0.447521
0.431042
0.460617
0.448341
0.458029
0.443193
0.445005
0.442366
0.462068
0.462333
0.441626
0.453227
0.469059
0.459727
0.461256
0.455573
0.456491
0.449317
0.441704
0.437359
0.448879
0.457544
0.456426
0.440877
0.463162
0.46431
0.452194
0.445142
0.418833
0.458344
0.453583
0.434636
0.45704
0.456361
0.439419
0.454313
0.441444
0.443194
0.441031
0.465155
0.44601
0.453036
0.44145
0.452406
0.456333
0.448686
0.44221
0.446268
0.442097
0.451406
0.437325
0.458304
0.448417
0.441974
0.441256
0.446942
0.426633
0.464211
0.454916
0.451284
0.443904
0.448336
0.448561
0.441308
0.442761
0.464776
0.463578
0.449866
0.423782
0.46713
0.449865
0.474668
0.453645
0.441608
0.436528
0.441591
0.433709
0.436123
0.449657
0.438531
0.441597
0.459771
0.444453
0.462163
0.477179
0.419427
0.4363
0.427979
0.457017
0.435511
0.451203
0.452406
0.440763
0.437221
0.447789
0.443939
0.44489
0.478422
0.414091
0.477432
0.50843
0.485883
0.443838
0.495986
0.492131
0.547327
0.512544
0.415773
0.490309
0.367735
0.410148
0.498158
0.42116
0.494759
0.472378
0.411883
0.369699
0.0719382
0.202794
0.198501
0.0345245
0
0.122892
0.28893
0.386188
0.446483
0.263053
0.285866
0.316048
0.318059
0.338546
0.189065
0.31579
0.251702
0.192422
0.29198
0.307793
0.430294
0.477423
0.490759
0.427711
0.51794
0.513516
0.472163
0.469523
0.460343
0.44319
0.546128
0.56022
0.260515
0.263378
0.36822
0.463801
0.334241
0.408438
0.267485
0.234783
0.342947
0.261201
0.108223
0.0207658
0
0
0
0
0
0
0
0
0
0
0
0
0
0
0
0
0
0
0
0
0
0
0
0
0
0
0
0
0
0
0
0
0
0
0
0
0
0
0
0
0
0
0
0
0
0
0
0
0
0
0
0
0
0
0
0
0
0
0
0
0.0134578
0.0813829
0.164633
0.22168
0.268444
0.31415
0.29414
0.338948
0.316622
0.435082
0.452005
0.439889
0.452668
0.446258
0.44092
0.442669
0.474847
0.461169
0.460711
0.427928
0.444646
0.443251
0.469152
0.443947
0.463932
0.45036
0.449937
0.456855
0.440114
0.437217
0.451196
0.451847
0.453479
0.462563
0.446567
0.447623
0.453667
0.472806
0.455918
0.447296
0.465548
0.453796
0.445026
0.44805
0.456855
0.455455
0.462794
0.450279
0.449009
0.45549
0.454924
0.465687
0.46281
0.469552
0.436253
0.457046
0.446331
0.459001
0.451044
0.443119
0.460403
0.476563
0.459893
0.456783
0.454911
0.453897
0.471501
0.444641
0.449662
0.438027
0.459862
0.434952
0.45873
0.441852
0.45716
0.460979
0.452454
0.451018
0.464354
0.451668
0.465841
0.457232
0.467458
0.444571
0.445257
0.453092
0.454372
0.432484
0.473403
0.453886
0.459616
0.455274
0.442706
0.460752
0.451061
0.456865
0.438488
0.472199
0.470566
0.45129
0.451885
0.468518
0.462857
0.463872
0.448259
0.455406
0.434863
0.436536
0.4388
0.453146
0.456028
0.452829
0.45998
0.46246
0.492422
0.441638
0.432764
0.440149
0.449802
0.442911
0.446121
0.44595
0.457883
0.454319
0.44797
0.460529
0.44964
0.449557
0.470316
0.485965
0.45216
0.446591
0.494137
0.464149
0.481011
0.497277
0.48511
0.513866
0.540734
0.529419
0.435873
0.556799
0.447891
0.320614
0.445155
0.499355
0.418399
0.514789
0.414212
0.0784828
0
0
0
0.187196
0.269688
0.25172
0.336384
0.296428
0.331032
0.283001
0.441744
0.406085
0.149533
0.107018
0.157604
0.338193
0.409204
0.354447
0.39599
0.505956
0.542524
0.518991
0.49071
0.462602
0.440826
0.551375
0.387481
0.451195
0.488308
0.457165
0.442293
0.340538
0.428816
0.310879
0.205442
0.124761
0.235092
0.171163
0.214028
0.255227
0.131318
0.0468405
0.047857
0
0
0
0
0
0
0
0
0
0
0
0
0
0
0
0
0
0
0
0
0
0
0
0
0
0
0
0
0
0
0
0
0
0
0
0
0
0
0
0
0
0
0
0
0
0
0
0
0
0
0
0
0
0
0
0
0
0
0
0.013324
0.0147012
0.1155
0.149014
0.171363
0.236831
0.238785
0.284187
0.275422
0.309935
0.309336
0.320718
0.3435
0.315492
0.482448
0.454398
0.462457
0.457454
0.493061
0.452071
0.457586
0.459628
0.458077
0.465238
0.457309
0.460259
0.463994
0.458109
0.468505
0.459501
0.47939
0.460544
0.463309
0.454227
0.454103
0.475598
0.479451
0.489955
0.470859
0.466813
0.472635
0.482635
0.465527
0.484271
0.483529
0.48235
0.472154
0.467403
0.450971
0.45691
0.466467
0.459272
0.468138
0.489357
0.475727
0.465786
0.467254
0.454083
0.449707
0.458785
0.487217
0.501932
0.461902
0.466115
0.472396
0.472249
0.480621
0.453788
0.462282
0.452942
0.465021
0.463145
0.469473
0.444596
0.471881
0.45857
0.467601
0.465935
0.462255
0.47157
0.471957
0.465467
0.483759
0.467101
0.476923
0.459262
0.47231
0.444212
0.465223
0.469854
0.464022
0.474798
0.457316
0.463484
0.46648
0.471993
0.469712
0.488801
0.472912
0.480744
0.490171
0.466367
0.466978
0.468502
0.447549
0.461639
0.457713
0.454524
0.477856
0.456094
0.460302
0.470144
0.463387
0.481782
0.465325
0.452365
0.460095
0.472263
0.450791
0.476163
0.452571
0.448771
0.461459
0.462288
0.465028
0.461544
0.463496
0.472841
0.478662
0.438647
0.44566
0.462812
0.477393
0.468433
0.522983
0.477662
0.497596
0.518513
0.494144
0.562191
0.601357
0.531242
0.443042
0.486662
0.583175
0.529902
0.248703
0.153381
0.0983118
0.186088
0
0
0.0515248
0.242862
0.106707
0.273683
0.278521
0.420092
0.35319
0.376485
0.286877
0.204976
0.32535
0.274933
0.316324
0.40402
0.494997
0.404224
0.507919
0.51855
0.545568
0.504972
0.335506
0.450793
0.464841
0.483625
0.511985
0.560936
0.438244
0.391796
0.247775
0.175124
0.0815018
0.257598
0.261088
0
0.225604
0.262995
0.183667
0.155053
0.0928809
0.0506824
0.0534268
0
0.0267825
0
0
0
0
0
0
0
0
0
0
0
0
0
0
0
0
0
0
0
0
0
0
0
0
0
0
0
0
0
0
0
0
0
0
0
0
0
0
0
0
0
0
0
0
0
0
0
0
0
0
0
0
0
0
0
0
0
0
0
0.0131888
0.0935306
0.0941873
0.158937
0.191983
0.212479
0.205922
0.246086
0.26714
0.261261
0.295099
0.319425
0.328506
0.350332
0.341776
0.340761
0.378312
0.348475
0.457065
0.460305
0.47662
0.4794
0.472513
0.465812
0.482939
0.468488
0.486305
0.478846
0.487446
0.488539
0.479681
0.481068
0.496955
0.485531
0.471817
0.476321
0.485249
0.486103
0.490503
0.485133
0.483939
0.497889
0.495471
0.493276
0.503655
0.491361
0.476733
0.483996
0.481871
0.501129
0.483539
0.478955
0.48914
0.491014
0.492684
0.489303
0.469957
0.477167
0.509968
0.501328
0.480298
0.49877
0.512273
0.493803
0.507483
0.496181
0.497652
0.483391
0.478855
0.484989
0.481508
0.48871
0.487146
0.48527
0.483043
0.478439
0.490331
0.496957
0.493665
0.475651
0.501991
0.48558
0.496347
0.487577
0.490238
0.461678
0.49428
0.474282
0.482192
0.459229
0.488042
0.500349
0.47288
0.472773
0.491401
0.508792
0.501103
0.504538
0.500431
0.474463
0.489709
0.495676
0.471575
0.485884
0.471374
0.471442
0.479418
0.478428
0.473474
0.501472
0.485752
0.472953
0.482821
0.469173
0.484107
0.465465
0.470938
0.478627
0.462612
0.470939
0.490671
0.494648
0.485838
0.48258
0.476869
0.456555
0.45933
0.476959
0.473047
0.499256
0.442919
0.490337
0.505299
0.514243
0.500628
0.491137
0.535732
0.564101
0.527889
0.542074
0.529478
0.451126
0.262693
0.283416
0.399648
0.149669
0.38139
0.280666
0.0674198
0.126263
0.233809
0.217815
0.278123
0.161149
0.314421
0.40742
0.378373
0.323214
0.275926
0.432067
0.327303
0.426714
0.401093
0.535469
0.443894
0.49103
0.485663
0.499153
0.329942
0.47729
0.50965
0.49682
0.514102
0.503423
0.342168
0.179181
0.185424
0.271702
0.255872
0.236732
0.129299
0.0831478
0.256828
0.263363
0.188198
0.149609
0.148051
0.12452
0.0672669
0.0467412
0
0
0
0
0
0
0
0
0
0
0
0
0
0
0
0
0
0
0
0
0
0
0
0
0
0
0
0
0
0
0
0
0
0
0
0
0
0
0
0
0
0
0
0
0
0
0
0
0
0
0
0
0
0
0
0
0
0
0
0
0
0
0
0
0.0131899
0.0480705
0.0681213
0.129067
0.137817
0.188238
0.183712
0.206494
0.213895
0.235567
0.249053
0.279635
0.280841
0.297218
0.322052
0.310841
0.330127
0.353193
0.349114
0.35635
0.389274
0.393198
0.409157
0.438438
0.445641
0.472782
0.48688
0.514276
0.497995
0.513145
0.508379
0.508004
0.501554
0.513744
0.515486
0.503273
0.509356
0.499305
0.509783
0.521489
0.5217
0.534379
0.531293
0.504089
0.496651
0.496573
0.527229
0.501991
0.505696
0.508464
0.497842
0.512134
0.529115
0.510468
0.508209
0.515852
0.514823
0.519087
0.498349
0.502635
0.511405
0.513745
0.512972
0.501654
0.521609
0.523247
0.509106
0.493437
0.510407
0.488326
0.501024
0.498971
0.510354
0.514763
0.501716
0.5094
0.514097
0.510847
0.526855
0.513392
0.507739
0.534815
0.50612
0.495128
0.5206
0.488927
0.510943
0.519233
0.508828
0.520531
0.511956
0.504068
0.506346
0.514189
0.54358
0.502266
0.516354
0.511174
0.508562
0.511305
0.489269
0.49844
0.497876
0.484892
0.507206
0.506163
0.534862
0.480671
0.507327
0.508193
0.518091
0.509994
0.502037
0.505884
0.501559
0.509573
0.486548
0.509633
0.506618
0.506443
0.499228
0.497285
0.483575
0.502002
0.512849
0.51584
0.498799
0.517224
0.464035
0.497146
0.559768
0.53708
0.575098
0.61866
0.553056
0.290079
0.30123
0.328396
0.391543
0.484173
0.483352
0.337916
0.408599
0.276676
0.294396
0.368894
0.269765
0.215553
0.212828
0.207828
0.239046
0.440287
0.357781
0.312502
0.323896
0.375506
0.388916
0.344591
0.406853
0.405053
0.548425
0.445307
0.501119
0.429875
0.386712
0.468305
0.459752
0.451056
0.304124
0.297692
0.332508
0.268287
0.267217
0.304172
0.127483
0.0913594
0.14212
0.2536
0.260173
0.197966
0.153208
0.0980924
0.143915
0.123233
0.0651562
0.0801904
0.0141875
0.0142155
0
0
0
0
0
0
0
0
0
0
0
0
0
0
0
0
0
0
0
0
0
0
0
0
0
0
0
0
0
0
0
0
0
0
0
0
0
0
0
0
0
0
0
0
0
0
0
0
0
0
0
0
0
0
0
0
0
0
0
0
0
0
0
0
0
0
0
0
0.0131891
0.0289686
0.103698
0.109412
0.146256
0.194449
0.177549
0.196779
0.217458
0.221874
0.241467
0.236054
0.278888
0.287892
0.290977
0.303536
0.320907
0.334194
0.350648
0.347977
0.358705
0.365096
0.405426
0.393946
0.34416
0.40773
0.437368
0.470461
0.489105
0.50127
0.514014
0.512483
0.552598
0.539826
0.53447
0.568618
0.553656
0.537332
0.557543
0.538658
0.534194
0.556738
0.544031
0.557634
0.535677
0.546562
0.532995
0.537154
0.546609
0.548247
0.530973
0.556334
0.545324
0.549388
0.531439
0.540593
0.547812
0.556862
0.559949
0.539656
0.539455
0.532657
0.542403
0.525096
0.545071
0.574846
0.547627
0.55634
0.546245
0.546142
0.551004
0.554036
0.570868
0.54208
0.550453
0.551409
0.550323
0.561558
0.542344
0.522371
0.549925
0.541314
0.531272
0.547867
0.561917
0.555017
0.547869
0.536456
0.550532
0.570011
0.573981
0.53092
0.554041
0.534261
0.537911
0.542845
0.542811
0.526452
0.540938
0.522745
0.522601
0.581365
0.515225
0.541919
0.535227
0.531185
0.547282
0.539015
0.538464
0.538679
0.551307
0.541334
0.536544
0.537043
0.545452
0.528436
0.533589
0.543234
0.540493
0.530283
0.533006
0.529977
0.554512
0.541574
0.54751
0.51113
0.627029
0.584034
0.275378
0.306806
0.362615
0.411006
0.4441
0.56928
0.551797
0.560784
0.434833
0.286699
0.398483
0.459272
0.582111
0.363922
0.470827
0.199098
0.240944
0.295973
0.287882
0.220266
0.297828
0.283144
0.446996
0.204987
0.476863
0.54663
0.477656
0.373024
0.476157
0.362693
0.28883
0.327256
0.487944
0.362547
0.260431
0.281532
0.286371
0.26746
0.0883416
0.04905
0.169648
0.254244
0.266647
0.208755
0.190391
0.162657
0.137179
0.105765
0.111453
0.0365111
0.0964233
0.0811632
0
0
0.0151932
0
0
0
0
0
0
0
0
0
0
0
0
0
0
0
0
0
0
0
0
0
0
0
0
0
0
0
0
0
0
0
0
0
0
0
0
0
0
0
0
0
0
0
0
0
0
0
0
0
0
0
0
0
0
0
0
0
0
0
0
0
0
0
0
0
0
0
0
0
0
0
0
0
0.0131701
0.0269715
0.0583272
0.0965833
0.139479
0.132208
0.198642
0.174869
0.200015
0.206215
0.22583
0.236322
0.229956
0.248599
0.285214
0.301353
0.292083
0.306308
0.332781
0.347409
0.347437
0.362832
0.387318
0.401728
0.425693
0.428518
0.415406
0.42694
0.439896
0.451959
0.463684
0.479168
0.514712
0.530863
0.547683
0.549277
0.54979
0.551547
0.578952
0.590986
0.593711
0.5948
0.577663
0.587901
0.600557
0.613124
0.587891
0.582864
0.591265
0.617302
0.586487
0.569462
0.584613
0.599259
0.606541
0.57474
0.586246
0.582399
0.579452
0.584304
0.589405
0.605652
0.584146
0.589706
0.591607
0.580192
0.601264
0.602661
0.608035
0.603708
0.593644
0.59534
0.593455
0.613548
0.591747
0.577078
0.594582
0.613311
0.590979
0.592078
0.576376
0.580196
0.598991
0.604198
0.604449
0.587425
0.58953
0.602883
0.585634
0.577962
0.591576
0.599713
0.571236
0.576001
0.55624
0.592931
0.58542
0.579951
0.586575
0.57614
0.588219
0.580546
0.60108
0.573862
0.592717
0.576312
0.564076
0.592954
0.548893
0.577408
0.588449
0.584363
0.58234
0.599754
0.59104
0.599695
0.602836
0.597219
0.592321
0.451187
0.326879
0.378839
0.313985
0.476913
0.562049
0.562997
0.487636
0.529066
0.633435
0.624209
0.506282
0.368599
0.545515
0.518607
0.575137
0.683711
0.453966
0.147676
0.0536535
0.161933
0.127613
0.129226
0.35189
0.4395
0.296093
0.505159
0.395566
0.209619
0.299144
0.397601
0.41258
0.469211
0.368524
0.402741
0.296186
0.299618
0.307339
0.0904522
0.0720543
0.167646
0.277454
0.28828
0.23443
0.20799
0.196659
0.17597
0.150173
0.151061
0.139714
0.0490994
0.0974915
0.0719801
0.0187711
0
0
0.0156801
0
0
0
0
0
0
0
0
0
0
0
0
0
0
0
0
0
0
0
0
0
0
0
0
0
0
0
0
0
0
0
0
0
0
0
0
0
0
0
0
0
0
0
0
0
0
0
0
0
0
0
0
0
0
0
0
0
0
0
0
0
0
0
0
0
0
0
0
0
0
0
0
0
0
0
0
0
0
0
0
0
0
0
0.014125
0.0629723
0.107994
0.123468
0.156383
0.189475
0.181762
0.206277
0.208035
0.229216
0.232264
0.24629
0.266204
0.268095
0.301343
0.305655
0.327566
0.334961
0.345107
0.369447
0.377011
0.391613
0.398402
0.409814
0.4479
0.469648
0.454385
0.460772
0.457713
0.470096
0.475368
0.494539
0.518398
0.520254
0.541338
0.549341
0.575265
0.589572
0.598065
0.622141
0.631075
0.632255
0.654554
0.653062
0.667566
0.679281
0.669157
0.646972
0.641285
0.644602
0.641792
0.643669
0.625733
0.641163
0.646276
0.664481
0.653954
0.65987
0.645754
0.650889
0.65773
0.677677
0.648003
0.649014
0.646717
0.650257
0.654039
0.65635
0.652009
0.670718
0.656396
0.657012
0.634181
0.642747
0.647609
0.650086
0.670017
0.6611
0.636732
0.651326
0.658576
0.659177
0.643727
0.654178
0.640624
0.645032
0.644829
0.659761
0.62559
0.62029
0.656917
0.641294
0.637717
0.64452
0.644351
0.651202
0.620469
0.641256
0.618573
0.615403
0.670808
0.642433
0.633248
0.664271
0.678066
0.638442
0.580366
0.517538
0.509574
0.409272
0.448616
0.544759
0.40647
0.467072
0.559778
0.643224
0.665206
0.68465
0.706925
0.651959
0.504056
0.465639
0.527884
0.431373
0.480279
0.708623
0.4796
0.324056
0.392082
0.378452
0.114213
0.177409
0.256031
0.251103
0.336226
0.171421
0.295772
0.431974
0.463899
0.472643
0.37628
0.320079
0.405119
0.35474
0.250971
0.0153179
0.124226
0.273769
0.311775
0.285139
0.246021
0.230837
0.212625
0.17795
0.172144
0.174159
0.134605
0.0501072
0.125951
0.0861946
0.0474001
0.0437461
0
0.0132903
0.0133485
0
0
0
0
0
0
0
0
0
0
0
0
0
0
0
0
0
0
0
0
0
0
0
0
0
0
0
0
0
0
0
0
0
0
0
0
0
0
0
0
0
0
0
0
0
0
0
0
0
0
0
0
0
0
0
0
0
0
0
0
0
0
0
0
0
0
0
0
0
0
0
0
0
0
0
0
0
0
0
0
0
0
0
0
0
0
0
0
0
0
0
0
0.0264156
0
0.0918653
0.123758
0.139582
0.151119
0.174918
0.200654
0.202183
0.206753
0.228257
0.241888
0.262048
0.268415
0.28857
0.298032
0.329459
0.327697
0.341938
0.380189
0.389701
0.389537
0.412612
0.416187
0.432107
0.43887
0.446826
0.48585
0.482786
0.486265
0.499107
0.503866
0.537883
0.539558
0.540185
0.541163
0.58324
0.595487
0.587154
0.596124
0.638316
0.658205
0.661535
0.669905
0.671862
0.692886
0.709928
0.731921
0.719559
0.708396
0.731905
0.743806
0.715059
0.73559
0.733432
0.712544
0.738064
0.725338
0.762182
0.723082
0.726259
0.747501
0.73595
0.731114
0.734411
0.753198
0.742489
0.742291
0.73774
0.715809
0.728133
0.750312
0.729901
0.717194
0.715654
0.706505
0.755738
0.723612
0.744097
0.73735
0.701646
0.754658
0.725031
0.727396
0.712655
0.703901
0.712176
0.726805
0.73557
0.738684
0.716328
0.695898
0.723541
0.752937
0.705555
0.717564
0.599657
0.603649
0.62901
0.644954
0.455055
0.631414
0.595161
0.527
0.70303
0.707365
0.705491
0.677084
0.626304
0.724578
0.56748
0.622366
0.649863
0.503177
0.267316
0.306435
0.662589
0.525424
0.581812
0.506671
0.343725
0.211817
0.407002
0.35862
0.309899
0.196976
0.181107
0.389731
0.511927
0.407125
0.270583
0.279215
0.368546
0.285998
0.0547027
0.16085
0.315634
0.321344
0.31553
0.277864
0.26442
0.254489
0.210745
0.217313
0.189673
0.194171
0.110302
0.100994
0.157111
0.106657
0.0437575
0.0814288
0.01812
0.0296703
0
0
0
0
0
0
0
0
0
0
0
0
0
0
0
0
0
0
0
0
0
0
0
0
0
0
0
0
0
0
0
0
0
0
0
0
0
0
0
0
0
0
0
0
0
0
0
0
0
0
0
0
0
0
0
0
0
0
0
0
0
0
0
0
0
0
0
0
0
0
0
0
0
0
0
0
0
0
0
0
0
0
0
0
0
0
0
0
0
0
0
0
0
0
0
0
0
0
0
0
0
0
0
0
0
0
0
0.0574776
0.0817609
0.142322
0.158186
0.172508
0.207381
0.2227
0.241585
0.225845
0.256457
0.279143
0.295923
0.313622
0.320613
0.333636
0.357273
0.345406
0.383541
0.393181
0.426008
0.430051
0.440842
0.449565
0.48518
0.477992
0.49884
0.501813
0.567892
0.54238
0.568755
0.572007
0.577548
0.593717
0.614743
0.642613
0.624548
0.6305
0.656114
0.664893
0.675315
0.715118
0.71164
0.726639
0.747777
0.776708
0.785419
0.80693
0.835389
0.804606
0.84067
0.829038
0.838507
0.845707
0.844579
0.836432
0.855739
0.840152
0.839239
0.848829
0.830023
0.827841
0.850179
0.871594
0.828916
0.839161
0.815193
0.842862
0.849363
0.85319
0.83584
0.847656
0.847862
0.836596
0.817498
0.82452
0.819704
0.829705
0.824052
0.798993
0.846583
0.829706
0.799777
0.706317
0.711194
0.677965
0.73692
0.573563
0.520254
0.810785
0.86136
0.742784
0.62315
0.786518
0.800107
0.705126
0.673611
0.562043
0.639085
0.678155
0.749215
0.620414
0.481167
0.455014
0.381265
0.300468
0.671806
0.387979
0.516093
0.530355
0.523179
0.367246
0.486196
0.508455
0.433759
0.295417
0.290821
0.124315
0.336349
0.381529
0.0410936
0.258105
0.288224
0.349889
0.329402
0.295514
0.273729
0.265055
0.246256
0.250186
0.213259
0.195648
0.125652
0.132202
0.170848
0.151453
0.0755818
0.0784623
0.0582713
0
0.0299436
0
0
0
0
0
0
0
0
0
0
0
0
0
0
0
0
0
0
0
0
0
0
0
0
0
0
0
0
0
0
0
0
0
0
0
0
0
0
0
0
0
0
0
0
0
0
0
0
0
0
0
0
0
0
0
0
0
0
0
0
0
0
0
0
0
0
0
0
0
0
0
0
0
0
0
0
0
0
0
0
0
0
0
0
0
0
0
0
0
0
0
0
0
0
0
0
0
0
0
0
0
0
0
0
0
0
0
0
0
0
0
0
0
0
0
0
0
0
0
0.028888
0.0719824
0.136678
0.15033
0.185278
0.197938
0.230607
0.251792
0.263358
0.275636
0.289448
0.31156
0.325523
0.34588
0.353123
0.371189
0.394884
0.405318
0.430329
0.451573
0.48179
0.497954
0.493536
0.513144
0.541432
0.548788
0.578076
0.57963
0.621266
0.629538
0.652362
0.648278
0.659511
0.699038
0.698483
0.71268
0.720584
0.749217
0.762886
0.773142
0.770666
0.800857
0.8055
0.849155
0.845964
0.857996
0.902098
0.899789
0.915661
0.933706
0.924123
0.94906
0.95846
0.971896
1.0117
1.0275
0.99433
1.01157
0.992823
0.978919
1.02552
0.99968
1.03637
1.00225
0.987546
1.00799
1.00254
1.00827
0.949817
0.883349
0.956975
0.777489
0.905881
0.657967
0.745298
0.856999
0.869042
0.969672
0.78518
0.822977
0.746842
0.835794
0.930722
0.749606
0.778986
0.767398
0.726583
0.861364
0.621757
0.643314
0.481483
0.37649
0.516413
0.69589
0.587921
0.750576
0.482609
0.487848
0.432893
0.609189
0.531171
0.377889
0.40066
0.625786
0.457488
0.214428
0.088683
0.224229
0.330223
0.33023
0.223193
0.283799
0.327875
0.30733
0.295168
0.266354
0.252478
0.272383
0.120572
0.208836
0.181894
0.157295
0.1468
0.14481
0.0939081
0.0586425
0
0
0
0
0
0
0
0
0
0
0
0
0
0
0
0
0
0
0
0
0
0
0
0
0
0
0
0
0
0
0
0
0
0
0
0
0
0
0
0
0
0
0
0
0
0
0
0
0
0
0
0
0
0
0
0
0
0
0
0
0
0
0
0
0
0
0
0
0
0
0
0
0
0
0
0
0
0
0
0
0
0
0
0
0
0
0
0
0
0
0
0
0
0
0
0
0
0
0
0
0
0
0
0
0
0
0
0
0
0
0
0
0
0
0
0
0
0
0
0
0
0
0
0
0
0
0
0
0
0
0
0
0
0
0
0.0435752
0.0880787
0.152154
0.186613
0.21154
0.212522
0.257896
0.302126
0.323988
0.332558
0.341801
0.386442
0.402528
0.423907
0.441263
0.464514
0.491399
0.534205
0.530231
0.556876
0.571643
0.605585
0.61616
0.630186
0.650808
0.673891
0.698527
0.7278
0.750103
0.773094
0.767966
0.809893
0.794175
0.826552
0.888305
0.874108
0.901674
0.926329
0.909642
0.959408
0.975265
0.961144
0.979933
1.00509
0.998548
1.05003
1.07582
1.05378
1.10633
1.09933
1.11062
1.16626
1.12076
1.14949
1.05077
1.14566
1.03961
1.00401
0.935879
0.918896
0.933163
1.13458
1.02189
1.09508
1.00288
1.03899
0.945502
0.961086
1.04186
0.944682
0.853372
0.871062
0.887518
0.841644
0.716068
0.852704
0.794738
0.689954
0.616323
0.669732
0.74858
0.667145
0.742928
0.701998
0.59814
0.401147
0.448262
0.479472
0.636978
0.356858
0.48227
0.723506
0.535602
0.358395
0.37436
0.221205
0.12718
0.314124
0.243054
0.175905
0.375611
0.269125
0.242637
0.266267
0.257231
0.179204
0.165472
0.159024
0.0908813
0.119612
0.0177856
0
0
0
0
0
0
0
0
0
0
0
0
0
0
0
0
0
0
0
0
0
0
0
0
0
0
0
0
0
0
0
0
0
0
0
0
0
0
0
0
0
0
0
0
0
0
0
0
0
0
0
0
0
0
0
0
0
0
0
0
0
0
0
0
0
0
0
0
0
0
0
0
0
0
0
0
0
0
0
0
0
0
0
0
0
0
0
0
0
0
0
0
0
0
0
0
0
0
0
0
0
0
0
0
0
0
0
0
0
0
0
0
0
0
0
0
0
0
0
0
0
0
0
0
0
0
0
0
0
0
0
0
0
0
0
0
0
0
0
0
0
0
0
0
0
0
0
0
0
0.0294815
0.0479193
0.137845
0.196566
0.222694
0.25827
0.307623
0.34086
0.370351
0.407597
0.461912
0.453869
0.518585
0.536842
0.562837
0.595947
0.623117
0.664571
0.6882
0.731965
0.776156
0.784512
0.809202
0.851792
0.880567
0.908979
0.950792
0.950731
0.99338
1.00783
1.03343
1.09841
1.08364
1.10071
1.12675
1.11358
1.12389
1.1024
1.14141
1.119
0.991033
1.07436
1.07201
1.0374
0.793523
0.943877
0.987851
1.03215
1.10426
1.08966
1.08706
1.03705
1.19021
1.06978
1.12359
1.08123
1.0643
1.13324
1.0082
1.1112
1.07609
1.02853
1.13576
1.19159
0.920586
0.953743
1.09977
0.947154
0.90037
0.903857
0.705275
0.580945
0.790083
0.992209
0.602417
0.4652
0.749836
0.619022
0.708654
0.755337
0.73258
0.652905
0.281391
0.44018
0.314093
0.186501
0.232468
0.195574
0.326647
0.305739
0.265313
0.268759
0.203316
0.201542
0.107473
0.0446132
0.0134732
0
0
0
0
0
0
0
0
0
0
0
0
0
0
0
0
0
0
0
0
0
0
0
0
0
0
0
0
0
0
0
0
0
0
0
0
0
0
0
0
0
0
0
0
0
0
0
0
0
0
0
0
0
0
0
0
0
0
0
0
0
0
0
0
0
0
0
0
0
0
0
0
0
0
0
0
0
0
0
0
0
0
0
0
0
0
0
0
0
0
0
0
0
0
0
0
0
0
0
0
0
0
0
0
0
0
0
0
0
0
0
0
0
0
0
0
0
0
0
0
0
0
0
0
0
0
0
0
0
0
0
0
0
0
0
0
0
0
0
0
0
0
0
0
0
0
0
0
0
0
0
0
0
0
0
0
0
0
0
0
0
0
0
0
0
0.0231401
0.182363
0.261907
0.345644
0.418647
0.503744
0.551007
0.633656
0.705407
0.776008
0.848629
0.914066
0.954964
1.03502
1.10703
1.15653
1.07428
1.08813
1.10079
1.09417
1.08077
1.11944
1.12719
1.11176
1.08624
1.0561
1.1697
0.838149
0.87737
0.934514
0.982874
0.925253
1.11077
1.15143
1.10111
1.07211
1.13216
1.05236
1.06976
0.992745
1.14006
1.1122
1.13299
1.02883
0.943427
0.963488
1.09987
1.2306
0.948396
0.982201
1.08265
1.05028
0.898402
0.813165
1.0259
1.11026
1.02818
0.870884
0.881113
1.13795
1.15325
1.08047
1.05361
0.976091
1.08866
1.16951
1.01447
0.954744
0.768267
0.621641
0.54799
0.51479
0.385918
0.313605
0.269492
0.382263
0.254705
0.163846
0.032074
0
0
0
0
0
0
0
0
0
0
0
0
0
0
0
0
0
0
0
0
0
0
0
0
0
0
0
0
0
0
0
0
0
0
0
0
0
0
0
0
0
0
0
0
0
0
0
0
0
0
0
0
0
0
0
0
0
0
0
0
0
0
0
0
0
0
0
0
0
0
0
0
0
0
0
0
0
0
0
0
0
0
0
0
0
0
0
0
0
