### angle = 0
-126 0
-125 0
-124 0
-123 0
-122 0
-121 0
-120 0
-119 0
-118 0
-117 0
-116 0
-115 0
-114 0
-113 0
-112 0
-111 0
-110 0
-109 0
-108 0
-107 0
-106 0
-105 0
-104 0
-103 0
-102 0
-101 0
-100 0
-99 0
-98 0
-97 0
-96 0
-95 0
-94 0
-93 0
-92 0
-91 0
-90 0
-89 0
-88 0
-87 0
-86 0
-85 0
-84 0
-83 0
-82 0
-81 0
-80 0
-79 0
-78 0
-77 0
-76 0
-75 0
-74 0
-73 0
-72 0
-71 0
-70 0
-69 0
-68 0
-67 0
-66 0
-65 0
-64 0
-63 0
-62 0
-61 0
-60 0
-59 0
-58 0
-57 0
-56 0
-55 0
-54 0
-53 0
-52 0
-51 0
-50 0
-49 0
-48 0
-47 0
-46 0
-45 0
-44 0
-43 0
-42 0
-41 0
-40 0
-39 0
-38 0
-37 0
-36 0.0993384
-35 0.218544
-34 0.384108
-33 0.410599
-32 0.28477
-31 0.410599
-30 0.576163
-29 0.649011
-28 0.662256
-27 0.847688
-26 1.0265
-25 1.18544
-24 1.351
-23 1.31789
-22 1.12584
-21 1.10597
-20 1.21193
-19 1.25829
-18 1.32451
-17 1.13246
-16 0.933781
-15 1.00001
-14 1.21193
-13 1.26491
-12 0.953649
-11 0.953649
-10 0.947026
-9 1.2318
-8 1.10597
-7 1.01325
-6 1.27153
-5 1.33113
-4 1.2318
-3 1.0265
-2 1.09272
-1 1.26491
0 1.2318
1 1.32451
2 1.17219
3 1.18544
4 1.27153
5 1.25166
6 1.19868
7 1.17882
8 1.26491
9 1.20531
10 1.16557
11 1.12584
12 1.07948
13 0.933781
14 0.960271
15 1.21855
16 1.31789
17 1.05299
18 1.25829
19 1.2318
20 1.21855
21 1.20531
22 1.21193
23 1.23842
24 1.20531
25 1.21855
26 1.25166
27 1.26491
28 1.18544
29 1.10597
30 1.03974
31 0.940404
32 0.874178
33 0.794707
34 0.715236
35 0.629143
36 0.589408
37 0.476824
38 0.397354
39 0.31126
40 0.192054
41 0.0264902
42 0
43 0
44 0
45 0
46 0
47 0
48 0
49 0
50 0
51 0
52 0
53 0
54 0
55 0
56 0
57 0
58 0
59 0
60 0
61 0
62 0
63 0
64 0
65 0
66 0
67 0
68 0
69 0
70 0
71 0
72 0
73 0
74 0
75 0
76 0
77 0
78 0
79 0
80 0
81 0
82 0
83 0
84 0
85 0
86 0
87 0
88 0
89 0
90 0
91 0
92 0
93 0
94 0
95 0
96 0
97 0
98 0
99 0
100 0
101 0
102 0
103 0
104 0
105 0
106 0
107 0
108 0
109 0
110 0
111 0
112 0
113 0
114 0
115 0
116 0
117 0
118 0
119 0
120 0
121 0
122 0
123 0
124 0
125 0
126 0
#############################



### angle = 6
-126 0
-125 0
-124 0
-123 0
-122 0
-121 0
-120 0
-119 0
-118 0
-117 0
-116 0
-115 0
-114 0
-113 0
-112 0
-111 0
-110 0
-109 0
-108 0
-107 0
-106 0
-105 0
-104 0
-103 0
-102 0
-101 0
-100 0
-99 0
-98 0
-97 0
-96 0
-95 0
-94 0
-93 0
-92 0
-91 0
-90 0
-89 0
-88 0
-87 0
-86 0
-85 0
-84 0
-83 0
-82 0
-81 0
-80 0
-79 0
-78 0
-77 0
-76 0
-75 0
-74 0
-73 0
-72 0
-71 0
-70 0
-69 0
-68 0
-67 0
-66 0
-65 0
-64 0
-63 0
-62 0
-61 0
-60 0
-59 0
-58 0
-57 0
-56 0
-55 0
-54 0
-53 0
-52 0
-51 0
-50 0
-49 0
-48 0
-47 0
-46 0
-45 0
-44 0
-43 0
-42 0
-41 0
-40 0
-39 0
-38 0
-37 0
-36 0
-35 0
-34 0.23179
-33 0.430466
-32 0.582785
-31 0.721859
-30 0.82782
-29 0.940404
-28 1.00001
-27 1.00663
-26 0.887423
-25 0.940404
-24 0.980139
-23 1.0265
-22 1.06623
-21 1.16557
-20 1.17219
-19 1.11921
-18 0.980139
-17 0.973516
-16 1.00663
-15 0.993384
-14 1.05961
-13 1.10597
-12 1.09272
-11 0.986761
-10 0.874178
-9 0.980139
-8 0.920536
-7 0.807952
-6 0.980139
-5 1.04636
-4 1.04636
-3 1.03974
-2 0.860933
-1 0.966894
0 1.2318
1 1.12584
2 0.834443
3 1.05961
4 1.11921
5 1.17882
6 1.11921
7 1.09934
8 1.05299
9 1.1457
10 1.17219
11 1.07285
12 1.05299
13 1.0861
14 1.05961
15 1.07948
16 0.966894
17 0.973516
18 0.8808
19 0.867555
20 0.874178
21 1.15895
22 1.11259
23 0.947026
24 1.07285
25 1.04636
26 1.06623
27 1.03312
28 1.07948
29 0.940404
30 1.09934
31 0.960271
32 0.847688
33 0.682124
34 0.423844
35 0.304638
36 0.0331128
37 0
38 0
39 0
40 0
41 0
42 0
43 0
44 0
45 0
46 0
47 0
48 0
49 0
50 0
51 0
52 0
53 0
54 0
55 0
56 0
57 0
58 0
59 0
60 0
61 0
62 0
63 0
64 0
65 0
66 0
67 0
68 0
69 0
70 0
71 0
72 0
73 0
74 0
75 0
76 0
77 0
78 0
79 0
80 0
81 0
82 0
83 0
84 0
85 0
86 0
87 0
88 0
89 0
90 0
91 0
92 0
93 0
94 0
95 0
96 0
97 0
98 0
99 0
100 0
101 0
102 0
103 0
104 0
105 0
106 0
107 0
108 0
109 0
110 0
111 0
112 0
113 0
114 0
115 0
116 0
117 0
118 0
119 0
120 0
121 0
122 0
123 0
124 0
125 0
126 0
#############################



### angle = 12
-126 0
-125 0
-124 0
-123 0
-122 0
-121 0
-120 0
-119 0
-118 0
-117 0
-116 0
-115 0
-114 0
-113 0
-112 0
-111 0
-110 0
-109 0
-108 0
-107 0
-106 0
-105 0
-104 0
-103 0
-102 0
-101 0
-100 0
-99 0
-98 0
-97 0
-96 0
-95 0
-94 0
-93 0
-92 0
-91 0
-90 0
-89 0
-88 0
-87 0
-86 0
-85 0
-84 0
-83 0
-82 0
-81 0
-80 0
-79 0
-78 0
-77 0
-76 0
-75 0
-74 0
-73 0
-72 0
-71 0
-70 0
-69 0
-68 0
-67 0
-66 0
-65 0
-64 0
-63 0
-62 0
-61 0
-60 0
-59 0
-58 0
-57 0
-56 0
-55 0
-54 0
-53 0
-52 0
-51 0
-50 0
-49 0
-48 0
-47 0
-46 0
-45 0.0132451
-44 0.0794707
-43 0.172187
-42 0.218544
-41 0.25828
-40 0.298015
-39 0.357618
-38 0.397354
-37 0.443712
-36 0.470202
-35 0.51656
-34 0.556295
-33 0.602653
-32 0.635766
-31 0.655633
-30 0.701991
-29 0.761594
-28 0.77484
-27 0.834443
-26 0.894046
-25 0.741727
-24 0.80133
-23 0.960271
-22 0.940404
-21 0.867555
-20 0.973516
-19 1.01325
-18 1.12584
-17 1.13908
-16 1.20531
-15 1.17882
-14 1.09272
-13 0.960271
-12 0.900668
-11 0.993384
-10 0.986761
-9 1.13908
-8 1.13246
-7 1.11259
-6 1.0265
-5 1.05299
-4 1.03312
-3 0.940404
-2 0.834443
-1 0.708614
0 1.21193
1 1.13246
2 0.940404
3 0.960271
4 1.10597
5 1.04636
6 1.09934
7 1.03312
8 0.960271
9 1.12584
10 1.17882
11 1.09272
12 1.15895
13 1.01325
14 1.11921
15 1.17219
16 1.09272
17 1.13908
18 1.0265
19 1.07285
20 1.04636
21 0.913913
22 0.77484
23 0.807952
24 0.662256
25 0.562918
26 0.741727
27 0.814575
28 0.682124
29 0.728482
30 0.642388
31 0.635766
32 0.56954
33 0.523182
34 0.496692
35 0.483447
36 0.304638
37 0.463579
38 0.344373
39 0.304638
40 0.238412
41 0.198677
42 0.125829
43 0.0860933
44 0
45 0
46 0
47 0
48 0
49 0
50 0
51 0
52 0
53 0
54 0
55 0
56 0
57 0
58 0
59 0
60 0
61 0
62 0
63 0
64 0
65 0
66 0
67 0
68 0
69 0
70 0
71 0
72 0
73 0
74 0
75 0
76 0
77 0
78 0
79 0
80 0
81 0
82 0
83 0
84 0
85 0
86 0
87 0
88 0
89 0
90 0
91 0
92 0
93 0
94 0
95 0
96 0
97 0
98 0
99 0
100 0
101 0
102 0
103 0
104 0
105 0
106 0
107 0
108 0
109 0
110 0
111 0
112 0
113 0
114 0
115 0
116 0
117 0
118 0
119 0
120 0
121 0
122 0
123 0
124 0
125 0
126 0
#############################



### angle = 18
-126 0
-125 0
-124 0
-123 0
-122 0
-121 0
-120 0
-119 0
-118 0
-117 0
-116 0
-115 0
-114 0
-113 0
-112 0
-111 0
-110 0
-109 0
-108 0
-107 0
-106 0
-105 0
-104 0
-103 0
-102 0
-101 0
-100 0
-99 0
-98 0
-97 0
-96 0
-95 0
-94 0
-93 0
-92 0
-91 0
-90 0
-89 0
-88 0
-87 0
-86 0
-85 0
-84 0
-83 0
-82 0
-81 0
-80 0
-79 0
-78 0
-77 0
-76 0
-75 0
-74 0
-73 0
-72 0
-71 0
-70 0
-69 0
-68 0
-67 0
-66 0
-65 0
-64 0
-63 0
-62 0
-61 0
-60 0
-59 0
-58 0
-57 0
-56 0
-55 0
-54 0.0463579
-53 0.125829
-52 0.152319
-51 0.178809
-50 0.198677
-49 0.245035
-48 0.278148
-47 0.28477
-46 0.31126
-45 0.337751
-44 0.370863
-43 0.390731
-42 0.430466
-41 0.437089
-40 0.450334
-39 0.490069
-38 0.496692
-37 0.536427
-36 0.562918
-35 0.59603
-34 0.622521
-33 0.649011
-32 0.675501
-31 0.708614
-30 0.735104
-29 0.768217
-28 0.761594
-27 0.77484
-26 0.807952
-25 0.821197
-24 0.834443
-23 0.867555
-22 0.900668
-21 0.668879
-20 0.814575
-19 0.953649
-18 1.07285
-17 0.834443
-16 0.754972
-15 0.933781
-14 1.05299
-13 1.11921
-12 1.20531
-11 1.17219
-10 1.07285
-9 1.04636
-8 0.960271
-7 1.03974
-6 1.06623
-5 1.06623
-4 1.12584
-3 1.17219
-2 1.0861
-1 1.1457
0 1.06623
1 1.00001
2 0.986761
3 0.8808
4 1.05299
5 1.10597
6 0.913913
7 0.847688
8 0.933781
9 0.986761
10 0.907291
11 1.13908
12 1.15233
13 0.907291
14 0.920536
15 0.966894
16 0.953649
17 0.874178
18 0.834443
19 0.907291
20 0.860933
21 0.927158
22 0.788085
23 0.708614
24 0.754972
25 0.794707
26 0.59603
27 0.56954
28 0.496692
29 0.437089
30 0.390731
31 0.54305
32 0.576163
33 0.410599
34 0.476824
35 0.384108
36 0.496692
37 0.450334
38 0.384108
39 0.370863
40 0.291393
41 0.317883
42 0.350996
43 0.185432
44 0.28477
45 0.218544
46 0.185432
47 0.185432
48 0.125829
49 0.112584
50 0.0132451
51 0
52 0
53 0
54 0
55 0
56 0
57 0
58 0
59 0
60 0
61 0
62 0
63 0
64 0
65 0
66 0
67 0
68 0
69 0
70 0
71 0
72 0
73 0
74 0
75 0
76 0
77 0
78 0
79 0
80 0
81 0
82 0
83 0
84 0
85 0
86 0
87 0
88 0
89 0
90 0
91 0
92 0
93 0
94 0
95 0
96 0
97 0
98 0
99 0
100 0
101 0
102 0
103 0
104 0
105 0
106 0
107 0
108 0
109 0
110 0
111 0
112 0
113 0
114 0
115 0
116 0
117 0
118 0
119 0
120 0
121 0
122 0
123 0
124 0
125 0
126 0
#############################



### angle = 24
-126 0
-125 0
-124 0
-123 0
-122 0
-121 0
-120 0
-119 0
-118 0
-117 0
-116 0
-115 0
-114 0
-113 0
-112 0
-111 0
-110 0
-109 0
-108 0
-107 0
-106 0
-105 0
-104 0
-103 0
-102 0
-101 0
-100 0
-99 0
-98 0
-97 0
-96 0
-95 0
-94 0
-93 0
-92 0
-91 0
-90 0
-89 0
-88 0
-87 0
-86 0
-85 0
-84 0
-83 0
-82 0
-81 0
-80 0
-79 0
-78 0
-77 0
-76 0
-75 0
-74 0
-73 0
-72 0
-71 0
-70 0
-69 0
-68 0
-67 0
-66 0
-65 0
-64 0.0264902
-63 0.059603
-62 0.0927158
-61 0.119206
-60 0.152319
-59 0.165564
-58 0.198677
-57 0.218544
-56 0.238412
-55 0.245035
-54 0.25828
-53 0.31126
-52 0.304638
-51 0.317883
-50 0.331128
-49 0.370863
-48 0.397354
-47 0.397354
-46 0.430466
-45 0.463579
-44 0.463579
-43 0.496692
-42 0.51656
-41 0.51656
-40 0.536427
-39 0.562918
-38 0.562918
-37 0.622521
-36 0.602653
-35 0.642388
-34 0.642388
-33 0.675501
-32 0.688746
-31 0.721859
-30 0.721859
-29 0.735104
-28 0.768217
-27 0.748349
-26 0.768217
-25 0.781462
-24 0.80133
-23 0.821197
-22 0.834443
-21 0.85431
-20 0.8808
-19 0.900668
-18 0.927158
-17 0.708614
-16 0.721859
-15 0.980139
-14 1.17219
-13 1.00663
-12 0.721859
-11 0.907291
-10 0.933781
-9 1.13908
-8 1.15233
-7 1.05299
-6 1.09934
-5 1.01987
-4 1.00663
-3 0.933781
-2 0.966894
-1 1.0265
0 1.04636
1 1.10597
2 1.07285
3 1.01987
4 1.00663
5 0.947026
6 0.933781
7 0.867555
8 0.847688
9 1.01325
10 0.900668
11 0.85431
12 0.556295
13 0.602653
14 0.688746
15 0.85431
16 0.85431
17 0.814575
18 0.841065
19 0.940404
20 0.80133
21 0.708614
22 0.715236
23 0.708614
24 0.695369
25 0.728482
26 0.695369
27 0.556295
28 0.655633
29 0.708614
30 0.529805
31 0.450334
32 0.496692
33 0.317883
34 0.331128
35 0.28477
36 0.443712
37 0.423844
38 0.463579
39 0.357618
40 0.304638
41 0.298015
42 0.397354
43 0.390731
44 0.324505
45 0.278148
46 0.28477
47 0.238412
48 0.251657
49 0.238412
50 0.152319
51 0.211922
52 0.192054
53 0.139074
54 0.105961
55 0.112584
56 0.0264902
57 0
58 0
59 0
60 0
61 0
62 0
63 0
64 0
65 0
66 0
67 0
68 0
69 0
70 0
71 0
72 0
73 0
74 0
75 0
76 0
77 0
78 0
79 0
80 0
81 0
82 0
83 0
84 0
85 0
86 0
87 0
88 0
89 0
90 0
91 0
92 0
93 0
94 0
95 0
96 0
97 0
98 0
99 0
100 0
101 0
102 0
103 0
104 0
105 0
106 0
107 0
108 0
109 0
110 0
111 0
112 0
113 0
114 0
115 0
116 0
117 0
118 0
119 0
120 0
121 0
122 0
123 0
124 0
125 0
126 0
#############################



### angle = 30
-126 0
-125 0
-124 0
-123 0
-122 0
-121 0
-120 0
-119 0
-118 0
-117 0
-116 0
-115 0
-114 0
-113 0
-112 0
-111 0
-110 0
-109 0
-108 0
-107 0
-106 0
-105 0
-104 0
-103 0
-102 0
-101 0
-100 0
-99 0
-98 0
-97 0
-96 0
-95 0
-94 0
-93 0
-92 0
-91 0
-90 0
-89 0
-88 0
-87 0
-86 0
-85 0
-84 0
-83 0
-82 0
-81 0
-80 0
-79 0
-78 0
-77 0
-76 0
-75 0
-74 0
-73 0
-72 0
-71 0.0860933
-70 0.0860933
-69 0.145696
-68 0.139074
-67 0.165564
-66 0.192054
-65 0.211922
-64 0.211922
-63 0.225167
-62 0.238412
-61 0.271525
-60 0.264902
-59 0.278148
-58 0.298015
-57 0.331128
-56 0.350996
-55 0.357618
-54 0.377486
-53 0.397354
-52 0.410599
-51 0.430466
-50 0.423844
-49 0.463579
-48 0.490069
-47 0.483447
-46 0.509937
-45 0.523182
-44 0.562918
-43 0.54305
-42 0.54305
-41 0.562918
-40 0.576163
-39 0.642388
-38 0.602653
-37 0.629143
-36 0.649011
-35 0.655633
-34 0.662256
-33 0.688746
-32 0.721859
-31 0.721859
-30 0.728482
-29 0.761594
-28 0.754972
-27 0.768217
-26 0.788085
-25 0.807952
-24 0.814575
-23 0.821197
-22 0.821197
-21 0.841065
-20 0.8808
-19 0.874178
-18 0.8808
-17 0.8808
-16 0.900668
-15 0.907291
-14 0.907291
-13 0.768217
-12 0.582785
-11 0.986761
-10 1.00663
-9 1.0265
-8 0.834443
-7 0.682124
-6 0.867555
-5 0.761594
-4 0.947026
-3 0.960271
-2 0.940404
-1 0.847688
0 0.821197
1 0.80133
2 0.748349
3 0.768217
4 0.834443
5 0.960271
6 0.947026
7 0.960271
8 0.821197
9 0.834443
10 0.847688
11 0.874178
12 0.788085
13 0.900668
14 0.85431
15 0.629143
16 0.529805
17 0.377486
18 0.582785
19 0.695369
20 0.523182
21 0.642388
22 0.728482
23 0.821197
24 0.688746
25 0.688746
26 0.748349
27 0.682124
28 0.615898
29 0.662256
30 0.615898
31 0.51656
32 0.503315
33 0.54305
34 0.529805
35 0.397354
36 0.476824
37 0.238412
38 0.238412
39 0.331128
40 0.370863
41 0.410599
42 0.344373
43 0.364241
44 0.350996
45 0.377486
46 0.331128
47 0.211922
48 0.337751
49 0.28477
50 0.291393
51 0.218544
52 0.23179
53 0.211922
54 0.152319
55 0.152319
56 0.152319
57 0.185432
58 0.165564
59 0.112584
60 0.0927158
61 0.0860933
62 0.0264902
63 0
64 0
65 0
66 0
67 0
68 0
69 0
70 0
71 0
72 0
73 0
74 0
75 0
76 0
77 0
78 0
79 0
80 0
81 0
82 0
83 0
84 0
85 0
86 0
87 0
88 0
89 0
90 0
91 0
92 0
93 0
94 0
95 0
96 0
97 0
98 0
99 0
100 0
101 0
102 0
103 0
104 0
105 0
106 0
107 0
108 0
109 0
110 0
111 0
112 0
113 0
114 0
115 0
116 0
117 0
118 0
119 0
120 0
121 0
122 0
123 0
124 0
125 0
126 0
#############################



### angle = 36
-126 0
-125 0
-124 0
-123 0
-122 0
-121 0
-120 0
-119 0
-118 0
-117 0
-116 0
-115 0
-114 0
-113 0
-112 0
-111 0
-110 0
-109 0
-108 0
-107 0
-106 0
-105 0
-104 0
-103 0
-102 0
-101 0
-100 0
-99 0
-98 0
-97 0
-96 0
-95 0
-94 0
-93 0
-92 0
-91 0
-90 0
-89 0
-88 0
-87 0
-86 0
-85 0
-84 0
-83 0
-82 0
-81 0
-80 0
-79 0.0264902
-78 0.059603
-77 0.105961
-76 0.132451
-75 0.125829
-74 0.158941
-73 0.178809
-72 0.178809
-71 0.211922
-70 0.205299
-69 0.238412
-68 0.25828
-67 0.264902
-66 0.304638
-65 0.298015
-64 0.331128
-63 0.337751
-62 0.344373
-61 0.357618
-60 0.357618
-59 0.377486
-58 0.403976
-57 0.423844
-56 0.423844
-55 0.430466
-54 0.470202
-53 0.483447
-52 0.490069
-51 0.509937
-50 0.490069
-49 0.51656
-48 0.56954
-47 0.536427
-46 0.562918
-45 0.56954
-44 0.589408
-43 0.609276
-42 0.59603
-41 0.609276
-40 0.629143
-39 0.649011
-38 0.662256
-37 0.682124
-36 0.695369
-35 0.701991
-34 0.701991
-33 0.715236
-32 0.741727
-31 0.748349
-30 0.768217
-29 0.768217
-28 0.754972
-27 0.77484
-26 0.748349
-25 0.741727
-24 0.761594
-23 0.748349
-22 0.768217
-21 0.768217
-20 0.761594
-19 0.748349
-18 0.77484
-17 0.748349
-16 0.768217
-15 0.741727
-14 0.761594
-13 0.761594
-12 0.761594
-11 0.794707
-10 0.80133
-9 0.615898
-8 0.629143
-7 0.682124
-6 0.907291
-5 0.82782
-4 0.907291
-3 0.576163
-2 0.529805
-1 0.688746
0 0.668879
1 0.85431
2 0.794707
3 0.77484
4 0.715236
5 0.708614
6 0.662256
7 0.649011
8 0.668879
9 0.682124
10 0.847688
11 0.847688
12 0.741727
13 0.655633
14 0.708614
15 0.741727
16 0.754972
17 0.788085
18 0.847688
19 0.662256
20 0.483447
21 0.377486
22 0.463579
23 0.589408
24 0.549672
25 0.490069
26 0.470202
27 0.682124
28 0.688746
29 0.589408
30 0.622521
31 0.655633
32 0.754972
33 0.688746
34 0.51656
35 0.331128
36 0.523182
37 0.536427
38 0.450334
39 0.483447
40 0.211922
41 0.185432
42 0.251657
43 0.364241
44 0.503315
45 0.324505
46 0.317883
47 0.317883
48 0.350996
49 0.331128
50 0.337751
51 0.337751
52 0.364241
53 0.298015
54 0.23179
55 0.192054
56 0.152319
57 0.205299
58 0.185432
59 0.0794707
60 0.178809
61 0.172187
62 0.145696
63 0.165564
64 0.139074
65 0.139074
66 0.0397354
67 0.0264902
68 0.0132451
69 0
70 0
71 0
72 0
73 0
74 0
75 0
76 0
77 0
78 0
79 0
80 0
81 0
82 0
83 0
84 0
85 0
86 0
87 0
88 0
89 0
90 0
91 0
92 0
93 0
94 0
95 0
96 0
97 0
98 0
99 0
100 0
101 0
102 0
103 0
104 0
105 0
106 0
107 0
108 0
109 0
110 0
111 0
112 0
113 0
114 0
115 0
116 0
117 0
118 0
119 0
120 0
121 0
122 0
123 0
124 0
125 0
126 0
#############################



### angle = 42
-126 0
-125 0
-124 0
-123 0
-122 0
-121 0
-120 0
-119 0
-118 0
-117 0
-116 0
-115 0
-114 0
-113 0
-112 0
-111 0
-110 0
-109 0
-108 0
-107 0
-106 0
-105 0
-104 0
-103 0
-102 0
-101 0
-100 0
-99 0
-98 0
-97 0
-96 0
-95 0
-94 0
-93 0
-92 0
-91 0
-90 0
-89 0
-88 0
-87 0.0132451
-86 0.0728482
-85 0.0927158
-84 0.0860933
-83 0.132451
-82 0.119206
-81 0.152319
-80 0.139074
-79 0.185432
-78 0.178809
-77 0.205299
-76 0.205299
-75 0.238412
-74 0.25828
-73 0.264902
-72 0.291393
-71 0.31126
-70 0.31126
-69 0.331128
-68 0.337751
-67 0.357618
-66 0.377486
-65 0.364241
-64 0.397354
-63 0.417221
-62 0.423844
-61 0.430466
-60 0.423844
-59 0.476824
-58 0.470202
-57 0.490069
-56 0.509937
-55 0.476824
-54 0.509937
-53 0.54305
-52 0.536427
-51 0.536427
-50 0.536427
-49 0.56954
-48 0.59603
-47 0.602653
-46 0.609276
-45 0.635766
-44 0.635766
-43 0.649011
-42 0.635766
-41 0.642388
-40 0.675501
-39 0.688746
-38 0.662256
-37 0.675501
-36 0.668879
-35 0.668879
-34 0.675501
-33 0.688746
-32 0.675501
-31 0.688746
-30 0.668879
-29 0.682124
-28 0.682124
-27 0.688746
-26 0.655633
-25 0.675501
-24 0.668879
-23 0.662256
-22 0.655633
-21 0.682124
-20 0.668879
-19 0.668879
-18 0.662256
-17 0.668879
-16 0.668879
-15 0.668879
-14 0.668879
-13 0.675501
-12 0.662256
-11 0.662256
-10 0.668879
-9 0.682124
-8 0.701991
-7 0.688746
-6 0.735104
-5 0.59603
-4 0.589408
-3 0.509937
-2 0.721859
-1 0.794707
0 0.662256
1 0.635766
2 0.536427
3 0.536427
4 0.582785
5 0.622521
6 0.721859
7 0.741727
8 0.662256
9 0.635766
10 0.576163
11 0.56954
12 0.589408
13 0.490069
14 0.682124
15 0.794707
16 0.695369
17 0.589408
18 0.649011
19 0.615898
20 0.642388
21 0.655633
22 0.841065
23 0.668879
24 0.28477
25 0.357618
26 0.56954
27 0.59603
28 0.430466
29 0.490069
30 0.423844
31 0.483447
32 0.56954
33 0.476824
34 0.602653
35 0.695369
36 0.622521
37 0.59603
38 0.589408
39 0.562918
40 0.582785
41 0.456957
42 0.377486
43 0.205299
44 0.211922
45 0.23179
46 0.377486
47 0.278148
48 0.377486
49 0.317883
50 0.324505
51 0.350996
52 0.324505
53 0.337751
54 0.31126
55 0.357618
56 0.278148
57 0.337751
58 0.370863
59 0.278148
60 0.0927158
61 0.0993384
62 0.0993384
63 0.198677
64 0.0662256
65 0.172187
66 0.132451
67 0.105961
68 0.125829
69 0.125829
70 0.0993384
71 0.0331128
72 0
73 0
74 0
75 0
76 0
77 0
78 0
79 0
80 0
81 0
82 0
83 0
84 0
85 0
86 0
87 0
88 0
89 0
90 0
91 0
92 0
93 0
94 0
95 0
96 0
97 0
98 0
99 0
100 0
101 0
102 0
103 0
104 0
105 0
106 0
107 0
108 0
109 0
110 0
111 0
112 0
113 0
114 0
115 0
116 0
117 0
118 0
119 0
120 0
121 0
122 0
123 0
124 0
125 0
126 0
#############################



### angle = 48
-126 0
-125 0
-124 0
-123 0
-122 0
-121 0
-120 0
-119 0
-118 0
-117 0
-116 0
-115 0
-114 0
-113 0
-112 0
-111 0
-110 0
-109 0
-108 0
-107 0
-106 0
-105 0
-104 0
-103 0
-102 0
-101 0
-100 0
-99 0
-98 0
-97 0
-96 0
-95 0
-94 0.0132451
-93 0.0132451
-92 0.0463579
-91 0.0728482
-90 0.0728482
-89 0.112584
-88 0.119206
-87 0.139074
-86 0.158941
-85 0.158941
-84 0.172187
-83 0.205299
-82 0.225167
-81 0.245035
-80 0.264902
-79 0.264902
-78 0.28477
-77 0.28477
-76 0.298015
-75 0.324505
-74 0.344373
-73 0.344373
-72 0.357618
-71 0.390731
-70 0.397354
-69 0.397354
-68 0.410599
-67 0.417221
-66 0.443712
-65 0.450334
-64 0.496692
-63 0.490069
-62 0.483447
-61 0.476824
-60 0.483447
-59 0.51656
-58 0.529805
-57 0.529805
-56 0.582785
-55 0.556295
-54 0.562918
-53 0.589408
-52 0.602653
-51 0.609276
-50 0.602653
-49 0.609276
-48 0.59603
-47 0.589408
-46 0.609276
-45 0.602653
-44 0.602653
-43 0.615898
-42 0.589408
-41 0.59603
-40 0.622521
-39 0.609276
-38 0.589408
-37 0.59603
-36 0.602653
-35 0.615898
-34 0.602653
-33 0.609276
-32 0.609276
-31 0.59603
-30 0.59603
-29 0.622521
-28 0.602653
-27 0.615898
-26 0.609276
-25 0.589408
-24 0.609276
-23 0.59603
-22 0.582785
-21 0.615898
-20 0.622521
-19 0.589408
-18 0.59603
-17 0.589408
-16 0.615898
-15 0.602653
-14 0.609276
-13 0.609276
-12 0.609276
-11 0.602653
-10 0.59603
-9 0.609276
-8 0.602653
-7 0.615898
-6 0.615898
-5 0.609276
-4 0.602653
-3 0.622521
-2 0.642388
-1 0.602653
0 0.536427
1 0.476824
2 0.59603
3 0.582785
4 0.609276
5 0.688746
6 0.576163
7 0.450334
8 0.443712
9 0.562918
10 0.59603
11 0.662256
12 0.615898
13 0.556295
14 0.549672
15 0.463579
16 0.562918
17 0.450334
18 0.549672
19 0.682124
20 0.642388
21 0.562918
22 0.576163
23 0.582785
24 0.562918
25 0.529805
26 0.56954
27 0.549672
28 0.51656
29 0.331128
30 0.503315
31 0.523182
32 0.364241
33 0.397354
34 0.357618
35 0.324505
36 0.450334
37 0.635766
38 0.629143
39 0.602653
40 0.463579
41 0.470202
42 0.549672
43 0.609276
44 0.622521
45 0.417221
46 0.370863
47 0.304638
48 0.0728482
49 0.28477
50 0.304638
51 0.430466
52 0.397354
53 0.251657
54 0.25828
55 0.304638
56 0.337751
57 0.443712
58 0.317883
59 0.291393
60 0.278148
61 0.298015
62 0.337751
63 0.31126
64 0.31126
65 0.0993384
66 0.0132451
67 0.0927158
68 0.105961
69 0.152319
70 0.165564
71 0.139074
72 0.145696
73 0.0860933
74 0.0927158
75 0.0794707
76 0
77 0
78 0
79 0
80 0
81 0
82 0
83 0
84 0
85 0
86 0
87 0
88 0
89 0
90 0
91 0
92 0
93 0
94 0
95 0
96 0
97 0
98 0
99 0
100 0
101 0
102 0
103 0
104 0
105 0
106 0
107 0
108 0
109 0
110 0
111 0
112 0
113 0
114 0
115 0
116 0
117 0
118 0
119 0
120 0
121 0
122 0
123 0
124 0
125 0
126 0
#############################



### angle = 54
-126 0
-125 0
-124 0
-123 0
-122 0
-121 0
-120 0
-119 0
-118 0
-117 0
-116 0
-115 0
-114 0
-113 0
-112 0
-111 0
-110 0
-109 0
-108 0
-107 0
-106 0
-105 0
-104 0
-103 0
-102 0
-101 0
-100 0.0132451
-99 0
-98 0.0132451
-97 0.0397354
-96 0.0860933
-95 0.0927158
-94 0.119206
-93 0.125829
-92 0.125829
-91 0.178809
-90 0.158941
-89 0.205299
-88 0.23179
-87 0.225167
-86 0.238412
-85 0.278148
-84 0.271525
-83 0.298015
-82 0.298015
-81 0.31126
-80 0.324505
-79 0.350996
-78 0.350996
-77 0.364241
-76 0.384108
-75 0.397354
-74 0.403976
-73 0.397354
-72 0.417221
-71 0.470202
-70 0.456957
-69 0.463579
-68 0.476824
-67 0.496692
-66 0.503315
-65 0.54305
-64 0.523182
-63 0.562918
-62 0.536427
-61 0.536427
-60 0.549672
-59 0.536427
-58 0.56954
-57 0.556295
-56 0.562918
-55 0.562918
-54 0.56954
-53 0.576163
-52 0.556295
-51 0.536427
-50 0.529805
-49 0.562918
-48 0.556295
-47 0.549672
-46 0.56954
-45 0.562918
-44 0.556295
-43 0.56954
-42 0.556295
-41 0.556295
-40 0.549672
-39 0.54305
-38 0.549672
-37 0.562918
-36 0.536427
-35 0.54305
-34 0.556295
-33 0.556295
-32 0.562918
-31 0.556295
-30 0.562918
-29 0.562918
-28 0.556295
-27 0.576163
-26 0.549672
-25 0.562918
-24 0.556295
-23 0.549672
-22 0.536427
-21 0.556295
-20 0.54305
-19 0.562918
-18 0.54305
-17 0.556295
-16 0.549672
-15 0.549672
-14 0.529805
-13 0.556295
-12 0.549672
-11 0.536427
-10 0.529805
-9 0.54305
-8 0.556295
-7 0.562918
-6 0.54305
-5 0.54305
-4 0.54305
-3 0.54305
-2 0.549672
-1 0.556295
0 0.556295
1 0.56954
2 0.589408
3 0.615898
4 0.496692
5 0.410599
6 0.443712
7 0.59603
8 0.54305
9 0.602653
10 0.562918
11 0.529805
12 0.417221
13 0.437089
14 0.59603
15 0.529805
16 0.556295
17 0.503315
18 0.503315
19 0.423844
20 0.483447
21 0.423844
22 0.476824
23 0.523182
24 0.635766
25 0.589408
26 0.443712
27 0.54305
28 0.390731
29 0.317883
30 0.350996
31 0.476824
32 0.536427
33 0.443712
34 0.384108
35 0.370863
36 0.384108
37 0.245035
38 0.317883
39 0.370863
40 0.423844
41 0.496692
42 0.59603
43 0.549672
44 0.51656
45 0.437089
46 0.509937
47 0.483447
48 0.417221
49 0.417221
50 0.443712
51 0.51656
52 0.450334
53 0.298015
54 0.278148
55 0.211922
56 0.291393
57 0.384108
58 0.377486
59 0.384108
60 0.245035
61 0.298015
62 0.324505
63 0.331128
64 0.271525
65 0.31126
66 0.291393
67 0.291393
68 0.357618
69 0.238412
70 0
71 0
72 0.0529805
73 0.198677
74 0.0993384
75 0.172187
76 0.0993384
77 0.0860933
78 0.0728482
79 0.0264902
80 0
81 0
82 0
83 0
84 0
85 0
86 0
87 0
88 0
89 0
90 0
91 0
92 0
93 0
94 0
95 0
96 0
97 0
98 0
99 0
100 0
101 0
102 0
103 0
104 0
105 0
106 0
107 0
108 0
109 0
110 0
111 0
112 0
113 0
114 0
115 0
116 0
117 0
118 0
119 0
120 0
121 0
122 0
123 0
124 0
125 0
126 0
#############################



### angle = 60
-126 0
-125 0
-124 0
-123 0
-122 0
-121 0
-120 0
-119 0
-118 0
-117 0
-116 0
-115 0
-114 0
-113 0
-112 0
-111 0
-110 0
-109 0
-108 0
-107 0
-106 0
-105 0
-104 0
-103 0.0132451
-102 0.0397354
-101 0.0397354
-100 0.0728482
-99 0.0728482
-98 0.0993384
-97 0.145696
-96 0.158941
-95 0.198677
-94 0.211922
-93 0.218544
-92 0.225167
-91 0.264902
-90 0.25828
-89 0.291393
-88 0.291393
-87 0.304638
-86 0.324505
-85 0.331128
-84 0.350996
-83 0.377486
-82 0.370863
-81 0.384108
-80 0.390731
-79 0.403976
-78 0.443712
-77 0.463579
-76 0.430466
-75 0.456957
-74 0.490069
-73 0.509937
-72 0.523182
-71 0.529805
-70 0.503315
-69 0.51656
-68 0.51656
-67 0.51656
-66 0.536427
-65 0.51656
-64 0.54305
-63 0.529805
-62 0.523182
-61 0.51656
-60 0.523182
-59 0.529805
-58 0.523182
-57 0.509937
-56 0.529805
-55 0.51656
-54 0.523182
-53 0.51656
-52 0.529805
-51 0.529805
-50 0.503315
-49 0.51656
-48 0.51656
-47 0.51656
-46 0.523182
-45 0.51656
-44 0.523182
-43 0.523182
-42 0.529805
-41 0.523182
-40 0.503315
-39 0.523182
-38 0.523182
-37 0.51656
-36 0.503315
-35 0.529805
-34 0.523182
-33 0.51656
-32 0.529805
-31 0.523182
-30 0.503315
-29 0.529805
-28 0.51656
-27 0.523182
-26 0.51656
-25 0.523182
-24 0.54305
-23 0.509937
-22 0.509937
-21 0.529805
-20 0.529805
-19 0.529805
-18 0.509937
-17 0.51656
-16 0.503315
-15 0.51656
-14 0.51656
-13 0.51656
-12 0.509937
-11 0.509937
-10 0.503315
-9 0.536427
-8 0.529805
-7 0.523182
-6 0.529805
-5 0.523182
-4 0.509937
-3 0.51656
-2 0.496692
-1 0.51656
0 0.51656
1 0.509937
2 0.523182
3 0.529805
4 0.536427
5 0.536427
6 0.562918
7 0.589408
8 0.463579
9 0.344373
10 0.463579
11 0.582785
12 0.463579
13 0.549672
14 0.562918
15 0.490069
16 0.456957
17 0.390731
18 0.450334
19 0.490069
20 0.536427
21 0.430466
22 0.483447
23 0.417221
24 0.410599
25 0.417221
26 0.423844
27 0.503315
28 0.675501
29 0.483447
30 0.370863
31 0.28477
32 0.298015
33 0.304638
34 0.410599
35 0.443712
36 0.529805
37 0.410599
38 0.271525
39 0.211922
40 0.403976
41 0.370863
42 0.423844
43 0.364241
44 0.337751
45 0.390731
46 0.54305
47 0.509937
48 0.390731
49 0.423844
50 0.397354
51 0.423844
52 0.582785
53 0.509937
54 0.476824
55 0.463579
56 0.602653
57 0.403976
58 0.278148
59 0.271525
60 0.23179
61 0.337751
62 0.337751
63 0.390731
64 0.390731
65 0.218544
66 0.28477
67 0.364241
68 0.324505
69 0.278148
70 0.291393
71 0.350996
72 0.23179
73 0.0794707
74 0
75 0.059603
76 0.198677
77 0.178809
78 0.152319
79 0.0860933
80 0.0397354
81 0.0728482
82 0.0132451
83 0
84 0
85 0
86 0
87 0
88 0
89 0
90 0
91 0
92 0
93 0
94 0
95 0
96 0
97 0
98 0
99 0
100 0
101 0
102 0
103 0
104 0
105 0
106 0
107 0
108 0
109 0
110 0
111 0
112 0
113 0
114 0
115 0
116 0
117 0
118 0
119 0
120 0
121 0
122 0
123 0
124 0
125 0
126 0
#############################



### angle = 66
-126 0
-125 0
-124 0
-123 0
-122 0
-121 0
-120 0
-119 0
-118 0
-117 0
-116 0
-115 0
-114 0
-113 0
-112 0
-111 0
-110 0
-109 0
-108 0
-107 0
-106 0
-105 0.0132451
-104 0.0397354
-103 0.105961
-102 0.125829
-101 0.0927158
-100 0.152319
-99 0.198677
-98 0.205299
-97 0.23179
-96 0.238412
-95 0.271525
-94 0.28477
-93 0.304638
-92 0.31126
-91 0.331128
-90 0.324505
-89 0.357618
-88 0.377486
-87 0.364241
-86 0.390731
-85 0.403976
-84 0.397354
-83 0.463579
-82 0.443712
-81 0.483447
-80 0.483447
-79 0.490069
-78 0.476824
-77 0.470202
-76 0.490069
-75 0.490069
-74 0.476824
-73 0.490069
-72 0.476824
-71 0.476824
-70 0.470202
-69 0.503315
-68 0.483447
-67 0.483447
-66 0.490069
-65 0.496692
-64 0.496692
-63 0.503315
-62 0.490069
-61 0.490069
-60 0.476824
-59 0.503315
-58 0.490069
-57 0.509937
-56 0.503315
-55 0.483447
-54 0.496692
-53 0.496692
-52 0.496692
-51 0.470202
-50 0.476824
-49 0.490069
-48 0.490069
-47 0.496692
-46 0.490069
-45 0.496692
-44 0.490069
-43 0.496692
-42 0.483447
-41 0.496692
-40 0.490069
-39 0.490069
-38 0.483447
-37 0.490069
-36 0.483447
-35 0.490069
-34 0.490069
-33 0.483447
-32 0.483447
-31 0.490069
-30 0.496692
-29 0.503315
-28 0.496692
-27 0.490069
-26 0.496692
-25 0.490069
-24 0.476824
-23 0.509937
-22 0.483447
-21 0.503315
-20 0.503315
-19 0.483447
-18 0.463579
-17 0.476824
-16 0.476824
-15 0.470202
-14 0.476824
-13 0.483447
-12 0.476824
-11 0.483447
-10 0.483447
-9 0.523182
-8 0.490069
-7 0.503315
-6 0.483447
-5 0.470202
-4 0.470202
-3 0.476824
-2 0.470202
-1 0.470202
0 0.509937
1 0.483447
2 0.470202
3 0.470202
4 0.490069
5 0.490069
6 0.483447
7 0.490069
8 0.509937
9 0.529805
10 0.556295
11 0.529805
12 0.523182
13 0.291393
14 0.456957
15 0.529805
16 0.496692
17 0.503315
18 0.54305
19 0.476824
20 0.430466
21 0.377486
22 0.456957
23 0.437089
24 0.437089
25 0.496692
26 0.324505
27 0.397354
28 0.357618
29 0.397354
30 0.54305
31 0.576163
32 0.430466
33 0.264902
34 0.28477
35 0.25828
36 0.31126
37 0.423844
38 0.483447
39 0.304638
40 0.331128
41 0.377486
42 0.350996
43 0.397354
44 0.410599
45 0.337751
46 0.271525
47 0.410599
48 0.205299
49 0.337751
50 0.251657
51 0.350996
52 0.523182
53 0.437089
54 0.463579
55 0.437089
56 0.509937
57 0.556295
58 0.476824
59 0.490069
60 0.523182
61 0.377486
62 0.364241
63 0.331128
64 0.251657
65 0.337751
66 0.245035
67 0.350996
68 0.384108
69 0.337751
70 0.251657
71 0.317883
72 0.324505
73 0.245035
74 0.337751
75 0.145696
76 0.0331128
77 0
78 0.125829
79 0.198677
80 0.125829
81 0.105961
82 0
83 0.0529805
84 0
85 0
86 0
87 0
88 0
89 0
90 0
91 0
92 0
93 0
94 0
95 0
96 0
97 0
98 0
99 0
100 0
101 0
102 0
103 0
104 0
105 0
106 0
107 0
108 0
109 0
110 0
111 0
112 0
113 0
114 0
115 0
116 0
117 0
118 0
119 0
120 0
121 0
122 0
123 0
124 0
125 0
126 0
#############################



### angle = 72
-126 0
-125 0
-124 0
-123 0
-122 0
-121 0
-120 0
-119 0
-118 0
-117 0
-116 0
-115 0
-114 0
-113 0
-112 0
-111 0
-110 0
-109 0.0264902
-108 0
-107 0.0397354
-106 0.059603
-105 0.059603
-104 0.119206
-103 0.218544
-102 0.218544
-101 0.23179
-100 0.245035
-99 0.25828
-98 0.291393
-97 0.304638
-96 0.324505
-95 0.357618
-94 0.364241
-93 0.384108
-92 0.390731
-91 0.417221
-90 0.410599
-89 0.437089
-88 0.476824
-87 0.496692
-86 0.470202
-85 0.470202
-84 0.463579
-83 0.470202
-82 0.463579
-81 0.476824
-80 0.443712
-79 0.463579
-78 0.476824
-77 0.470202
-76 0.463579
-75 0.456957
-74 0.476824
-73 0.483447
-72 0.470202
-71 0.470202
-70 0.476824
-69 0.476824
-68 0.463579
-67 0.476824
-66 0.483447
-65 0.476824
-64 0.483447
-63 0.476824
-62 0.470202
-61 0.476824
-60 0.470202
-59 0.483447
-58 0.483447
-57 0.476824
-56 0.470202
-55 0.470202
-54 0.483447
-53 0.476824
-52 0.476824
-51 0.470202
-50 0.463579
-49 0.483447
-48 0.483447
-47 0.470202
-46 0.470202
-45 0.483447
-44 0.476824
-43 0.476824
-42 0.470202
-41 0.463579
-40 0.456957
-39 0.476824
-38 0.476824
-37 0.470202
-36 0.470202
-35 0.463579
-34 0.483447
-33 0.483447
-32 0.483447
-31 0.483447
-30 0.483447
-29 0.476824
-28 0.483447
-27 0.470202
-26 0.490069
-25 0.470202
-24 0.503315
-23 0.476824
-22 0.463579
-21 0.476824
-20 0.483447
-19 0.476824
-18 0.463579
-17 0.463579
-16 0.470202
-15 0.470202
-14 0.470202
-13 0.456957
-12 0.463579
-11 0.490069
-10 0.490069
-9 0.490069
-8 0.470202
-7 0.483447
-6 0.456957
-5 0.470202
-4 0.463579
-3 0.463579
-2 0.450334
-1 0.463579
0 0.496692
1 0.463579
2 0.476824
3 0.456957
4 0.456957
5 0.470202
6 0.490069
7 0.470202
8 0.456957
9 0.463579
10 0.509937
11 0.509937
12 0.523182
13 0.417221
14 0.589408
15 0.582785
16 0.496692
17 0.25828
18 0.456957
19 0.450334
20 0.470202
21 0.463579
22 0.51656
23 0.456957
24 0.397354
25 0.403976
26 0.443712
27 0.344373
28 0.390731
29 0.443712
30 0.410599
31 0.31126
32 0.470202
33 0.370863
34 0.28477
35 0.384108
36 0.331128
37 0.238412
38 0.377486
39 0.337751
40 0.324505
41 0.357618
42 0.317883
43 0.397354
44 0.390731
45 0.357618
46 0.337751
47 0.357618
48 0.350996
49 0.278148
50 0.245035
51 0.0860933
52 0.344373
53 0.364241
54 0.443712
55 0.450334
56 0.450334
57 0.476824
58 0.536427
59 0.410599
60 0.496692
61 0.437089
62 0.450334
63 0.582785
64 0.549672
65 0.456957
66 0.384108
67 0.304638
68 0.317883
69 0.298015
70 0.364241
71 0.384108
72 0.364241
73 0.298015
74 0.251657
75 0.397354
76 0.178809
77 0.0397354
78 0.0463579
79 0.0662256
80 0.119206
81 0.152319
82 0.145696
83 0.0397354
84 0.0331128
85 0
86 0
87 0
88 0
89 0
90 0
91 0
92 0
93 0
94 0
95 0
96 0
97 0
98 0
99 0
100 0
101 0
102 0
103 0
104 0
105 0
106 0
107 0
108 0
109 0
110 0
111 0
112 0
113 0
114 0
115 0
116 0
117 0
118 0
119 0
120 0
121 0
122 0
123 0
124 0
125 0
126 0
#############################



### angle = 78
-126 0
-125 0
-124 0
-123 0
-122 0
-121 0
-120 0
-119 0
-118 0
-117 0
-116 0
-115 0
-114 0
-113 0
-112 0
-111 0
-110 0
-109 0.0132451
-108 0.0132451
-107 0.0463579
-106 0.0529805
-105 0.218544
-104 0.245035
-103 0.264902
-102 0.278148
-101 0.298015
-100 0.324505
-99 0.370863
-98 0.350996
-97 0.397354
-96 0.430466
-95 0.437089
-94 0.463579
-93 0.470202
-92 0.450334
-91 0.470202
-90 0.450334
-89 0.450334
-88 0.450334
-87 0.456957
-86 0.443712
-85 0.450334
-84 0.443712
-83 0.463579
-82 0.443712
-81 0.450334
-80 0.443712
-79 0.476824
-78 0.450334
-77 0.456957
-76 0.443712
-75 0.450334
-74 0.450334
-73 0.450334
-72 0.450334
-71 0.463579
-70 0.456957
-69 0.470202
-68 0.456957
-67 0.456957
-66 0.463579
-65 0.463579
-64 0.463579
-63 0.463579
-62 0.463579
-61 0.443712
-60 0.443712
-59 0.443712
-58 0.470202
-57 0.456957
-56 0.456957
-55 0.443712
-54 0.470202
-53 0.463579
-52 0.470202
-51 0.456957
-50 0.430466
-49 0.456957
-48 0.456957
-47 0.450334
-46 0.443712
-45 0.456957
-44 0.450334
-43 0.450334
-42 0.450334
-41 0.450334
-40 0.463579
-39 0.450334
-38 0.450334
-37 0.456957
-36 0.463579
-35 0.443712
-34 0.450334
-33 0.456957
-32 0.443712
-31 0.456957
-30 0.443712
-29 0.476824
-28 0.456957
-27 0.450334
-26 0.463579
-25 0.443712
-24 0.463579
-23 0.456957
-22 0.437089
-21 0.450334
-20 0.450334
-19 0.437089
-18 0.450334
-17 0.450334
-16 0.443712
-15 0.443712
-14 0.450334
-13 0.450334
-12 0.476824
-11 0.463579
-10 0.463579
-9 0.450334
-8 0.470202
-7 0.450334
-6 0.443712
-5 0.443712
-4 0.443712
-3 0.470202
-2 0.463579
-1 0.443712
0 0.456957
1 0.437089
2 0.437089
3 0.450334
4 0.443712
5 0.443712
6 0.443712
7 0.443712
8 0.450334
9 0.470202
10 0.430466
11 0.443712
12 0.456957
13 0.463579
14 0.490069
15 0.423844
16 0.523182
17 0.523182
18 0.54305
19 0.549672
20 0.450334
21 0.331128
22 0.410599
23 0.450334
24 0.430466
25 0.490069
26 0.463579
27 0.430466
28 0.417221
29 0.450334
30 0.443712
31 0.298015
32 0.456957
33 0.397354
34 0.304638
35 0.271525
36 0.251657
37 0.271525
38 0.397354
39 0.291393
40 0.238412
41 0.357618
42 0.271525
43 0.496692
44 0.476824
45 0.304638
46 0.218544
47 0.423844
48 0.28477
49 0.397354
50 0.198677
51 0.245035
52 0.185432
53 0.119206
54 0.198677
55 0.377486
56 0.410599
57 0.476824
58 0.403976
59 0.509937
60 0.470202
61 0.443712
62 0.417221
63 0.456957
64 0.437089
65 0.556295
66 0.56954
67 0.463579
68 0.357618
69 0.397354
70 0.443712
71 0.390731
72 0.350996
73 0.331128
74 0.350996
75 0.384108
76 0.264902
77 0.158941
78 0.145696
79 0.112584
80 0.0132451
81 0.0927158
82 0.132451
83 0.0662256
84 0.0463579
85 0
86 0
87 0
88 0
89 0
90 0
91 0
92 0
93 0
94 0
95 0
96 0
97 0
98 0
99 0
100 0
101 0
102 0
103 0
104 0
105 0
106 0
107 0
108 0
109 0
110 0
111 0
112 0
113 0
114 0
115 0
116 0
117 0
118 0
119 0
120 0
121 0
122 0
123 0
124 0
125 0
126 0
#############################



### angle = 84
-126 0
-125 0
-124 0
-123 0
-122 0
-121 0
-120 0
-119 0
-118 0
-117 0
-116 0
-115 0
-114 0
-113 0
-112 0
-111 0
-110 0
-109 0.0132451
-108 0.0132451
-107 0.0662256
-106 0.25828
-105 0.264902
-104 0.317883
-103 0.350996
-102 0.384108
-101 0.403976
-100 0.470202
-99 0.437089
-98 0.456957
-97 0.443712
-96 0.443712
-95 0.450334
-94 0.443712
-93 0.470202
-92 0.456957
-91 0.450334
-90 0.430466
-89 0.437089
-88 0.463579
-87 0.443712
-86 0.437089
-85 0.437089
-84 0.430466
-83 0.456957
-82 0.443712
-81 0.470202
-80 0.470202
-79 0.456957
-78 0.450334
-77 0.443712
-76 0.430466
-75 0.443712
-74 0.443712
-73 0.450334
-72 0.443712
-71 0.443712
-70 0.450334
-69 0.450334
-68 0.437089
-67 0.443712
-66 0.463579
-65 0.470202
-64 0.456957
-63 0.456957
-62 0.450334
-61 0.456957
-60 0.437089
-59 0.430466
-58 0.443712
-57 0.456957
-56 0.443712
-55 0.430466
-54 0.450334
-53 0.463579
-52 0.443712
-51 0.450334
-50 0.443712
-49 0.443712
-48 0.463579
-47 0.430466
-46 0.437089
-45 0.443712
-44 0.450334
-43 0.456957
-42 0.443712
-41 0.456957
-40 0.456957
-39 0.443712
-38 0.456957
-37 0.443712
-36 0.437089
-35 0.450334
-34 0.450334
-33 0.443712
-32 0.443712
-31 0.456957
-30 0.437089
-29 0.450334
-28 0.456957
-27 0.463579
-26 0.443712
-25 0.430466
-24 0.450334
-23 0.450334
-22 0.417221
-21 0.456957
-20 0.443712
-19 0.443712
-18 0.437089
-17 0.437089
-16 0.450334
-15 0.450334
-14 0.456957
-13 0.450334
-12 0.437089
-11 0.450334
-10 0.443712
-9 0.450334
-8 0.456957
-7 0.443712
-6 0.456957
-5 0.430466
-4 0.463579
-3 0.437089
-2 0.437089
-1 0.430466
0 0.456957
1 0.437089
2 0.423844
3 0.437089
4 0.430466
5 0.437089
6 0.430466
7 0.437089
8 0.483447
9 0.423844
10 0.437089
11 0.450334
12 0.443712
13 0.456957
14 0.456957
15 0.450334
16 0.456957
17 0.397354
18 0.529805
19 0.490069
20 0.490069
21 0.509937
22 0.549672
23 0.51656
24 0.357618
25 0.390731
26 0.410599
27 0.410599
28 0.509937
29 0.437089
30 0.450334
31 0.443712
32 0.423844
33 0.450334
34 0.384108
35 0.245035
36 0.251657
37 0.158941
38 0.350996
39 0.158941
40 0.225167
41 0.238412
42 0.264902
43 0.430466
44 0.496692
45 0.357618
46 0.25828
47 0.152319
48 0.25828
49 0.410599
50 0.23179
51 0.245035
52 0.298015
53 0.105961
54 0.251657
55 0.0993384
56 0.25828
57 0.364241
58 0.490069
59 0.450334
60 0.364241
61 0.437089
62 0.529805
63 0.490069
64 0.443712
65 0.397354
66 0.490069
67 0.456957
68 0.576163
69 0.483447
70 0.410599
71 0.390731
72 0.390731
73 0.331128
74 0.417221
75 0.298015
76 0.245035
77 0.384108
78 0.410599
79 0.218544
80 0.0132451
81 0.119206
82 0.105961
83 0
84 0.0132451
85 0
86 0
87 0
88 0
89 0
90 0
91 0
92 0
93 0
94 0
95 0
96 0
97 0
98 0
99 0
100 0
101 0
102 0
103 0
104 0
105 0
106 0
107 0
108 0
109 0
110 0
111 0
112 0
113 0
114 0
115 0
116 0
117 0
118 0
119 0
120 0
121 0
122 0
123 0
124 0
125 0
126 0
#############################



### angle = 90
-126 0
-125 0
-124 0
-123 0
-122 0
-121 0
-120 0
-119 0
-118 0
-117 0
-116 0
-115 0
-114 0
-113 0
-112 0
-111 0
-110 0
-109 0
-108 0.0662256
-107 0.132451
-106 0.31126
-105 0.450334
-104 0.450334
-103 0.437089
-102 0.443712
-101 0.450334
-100 0.437089
-99 0.430466
-98 0.437089
-97 0.430466
-96 0.437089
-95 0.423844
-94 0.456957
-93 0.443712
-92 0.430466
-91 0.470202
-90 0.437089
-89 0.437089
-88 0.437089
-87 0.437089
-86 0.430466
-85 0.423844
-84 0.430466
-83 0.437089
-82 0.437089
-81 0.443712
-80 0.437089
-79 0.463579
-78 0.437089
-77 0.437089
-76 0.437089
-75 0.437089
-74 0.437089
-73 0.443712
-72 0.437089
-71 0.456957
-70 0.450334
-69 0.443712
-68 0.423844
-67 0.456957
-66 0.463579
-65 0.450334
-64 0.443712
-63 0.456957
-62 0.437089
-61 0.437089
-60 0.437089
-59 0.437089
-58 0.437089
-57 0.443712
-56 0.463579
-55 0.450334
-54 0.450334
-53 0.456957
-52 0.437089
-51 0.437089
-50 0.430466
-49 0.437089
-48 0.456957
-47 0.443712
-46 0.450334
-45 0.450334
-44 0.437089
-43 0.463579
-42 0.443712
-41 0.437089
-40 0.437089
-39 0.450334
-38 0.430466
-37 0.437089
-36 0.443712
-35 0.443712
-34 0.437089
-33 0.443712
-32 0.443712
-31 0.456957
-30 0.443712
-29 0.456957
-28 0.430466
-27 0.450334
-26 0.423844
-25 0.437089
-24 0.443712
-23 0.443712
-22 0.423844
-21 0.443712
-20 0.437089
-19 0.443712
-18 0.450334
-17 0.443712
-16 0.443712
-15 0.437089
-14 0.437089
-13 0.430466
-12 0.463579
-11 0.437089
-10 0.423844
-9 0.450334
-8 0.417221
-7 0.437089
-6 0.463579
-5 0.443712
-4 0.430466
-3 0.437089
-2 0.417221
-1 0.430466
0 0.443712
1 0.437089
2 0.430466
3 0.443712
4 0.443712
5 0.437089
6 0.443712
7 0.456957
8 0.410599
9 0.430466
10 0.443712
11 0.437089
12 0.437089
13 0.443712
14 0.443712
15 0.437089
16 0.456957
17 0.443712
18 0.430466
19 0.417221
20 0.523182
21 0.503315
22 0.496692
23 0.496692
24 0.483447
25 0.509937
26 0.483447
27 0.430466
28 0.364241
29 0.410599
30 0.410599
31 0.456957
32 0.476824
33 0.509937
34 0.456957
35 0.397354
36 0.31126
37 0.291393
38 0.105961
39 0.0463579
40 0.264902
41 0.304638
42 0.139074
43 0.423844
44 0.423844
45 0.28477
46 0.337751
47 0.245035
48 0.291393
49 0.317883
50 0.291393
51 0.344373
52 0.28477
53 0.23179
54 0.172187
55 0.172187
56 0.264902
57 0.31126
58 0.364241
59 0.384108
60 0.390731
61 0.476824
62 0.483447
63 0.51656
64 0.476824
65 0.463579
66 0.430466
67 0.437089
68 0.51656
69 0.54305
70 0.509937
71 0.384108
72 0.377486
73 0.337751
74 0.158941
75 0.337751
76 0.423844
77 0.384108
78 0.317883
79 0.417221
80 0.185432
81 0.105961
82 0
83 0
84 0
85 0
86 0
87 0
88 0
89 0
90 0
91 0
92 0
93 0
94 0
95 0
96 0
97 0
98 0
99 0
100 0
101 0
102 0
103 0
104 0
105 0
106 0
107 0
108 0
109 0
110 0
111 0
112 0
113 0
114 0
115 0
116 0
117 0
118 0
119 0
120 0
121 0
122 0
123 0
124 0
125 0
126 0
#############################



### angle = 96
-126 0
-125 0
-124 0
-123 0
-122 0
-121 0
-120 0
-119 0
-118 0
-117 0
-116 0
-115 0
-114 0
-113 0
-112 0
-111 0
-110 0
-109 0
-108 0.0397354
-107 0.225167
-106 0.324505
-105 0.291393
-104 0.437089
-103 0.463579
-102 0.456957
-101 0.423844
-100 0.437089
-99 0.430466
-98 0.437089
-97 0.443712
-96 0.423844
-95 0.443712
-94 0.470202
-93 0.437089
-92 0.417221
-91 0.443712
-90 0.430466
-89 0.443712
-88 0.456957
-87 0.437089
-86 0.437089
-85 0.443712
-84 0.437089
-83 0.456957
-82 0.437089
-81 0.437089
-80 0.417221
-79 0.463579
-78 0.443712
-77 0.430466
-76 0.456957
-75 0.443712
-74 0.456957
-73 0.437089
-72 0.443712
-71 0.437089
-70 0.456957
-69 0.456957
-68 0.437089
-67 0.450334
-66 0.463579
-65 0.456957
-64 0.456957
-63 0.450334
-62 0.450334
-61 0.443712
-60 0.437089
-59 0.437089
-58 0.443712
-57 0.456957
-56 0.450334
-55 0.437089
-54 0.456957
-53 0.463579
-52 0.450334
-51 0.443712
-50 0.417221
-49 0.456957
-48 0.450334
-47 0.430466
-46 0.456957
-45 0.450334
-44 0.437089
-43 0.450334
-42 0.437089
-41 0.437089
-40 0.437089
-39 0.463579
-38 0.443712
-37 0.450334
-36 0.437089
-35 0.450334
-34 0.450334
-33 0.443712
-32 0.437089
-31 0.443712
-30 0.437089
-29 0.450334
-28 0.437089
-27 0.456957
-26 0.443712
-25 0.437089
-24 0.437089
-23 0.443712
-22 0.423844
-21 0.463579
-20 0.450334
-19 0.450334
-18 0.443712
-17 0.443712
-16 0.443712
-15 0.437089
-14 0.437089
-13 0.463579
-12 0.456957
-11 0.443712
-10 0.417221
-9 0.463579
-8 0.443712
-7 0.470202
-6 0.450334
-5 0.437089
-4 0.430466
-3 0.437089
-2 0.430466
-1 0.430466
0 0.443712
1 0.437089
2 0.437089
3 0.456957
4 0.443712
5 0.456957
6 0.476824
7 0.417221
8 0.430466
9 0.423844
10 0.456957
11 0.430466
12 0.450334
13 0.450334
14 0.437089
15 0.437089
16 0.443712
17 0.443712
18 0.443712
19 0.476824
20 0.410599
21 0.476824
22 0.503315
23 0.483447
24 0.443712
25 0.490069
26 0.490069
27 0.54305
28 0.509937
29 0.410599
30 0.490069
31 0.364241
32 0.403976
33 0.496692
34 0.417221
35 0.490069
36 0.470202
37 0.410599
38 0.364241
39 0.0662256
40 0.198677
41 0.192054
42 0.0331128
43 0
44 0.119206
45 0.28477
46 0.384108
47 0.443712
48 0.25828
49 0.28477
50 0.31126
51 0.317883
52 0.337751
53 0.185432
54 0.31126
55 0.251657
56 0.192054
57 0.291393
58 0.304638
59 0.423844
60 0.476824
61 0.490069
62 0.423844
63 0.51656
64 0.509937
65 0.470202
66 0.463579
67 0.456957
68 0.437089
69 0.54305
70 0.556295
71 0.25828
72 0.25828
73 0.364241
74 0.463579
75 0.331128
76 0.403976
77 0.264902
78 0.23179
79 0.337751
80 0.25828
81 0.105961
82 0.0198677
83 0
84 0
85 0
86 0
87 0
88 0
89 0
90 0
91 0
92 0
93 0
94 0
95 0
96 0
97 0
98 0
99 0
100 0
101 0
102 0
103 0
104 0
105 0
106 0
107 0
108 0
109 0
110 0
111 0
112 0
113 0
114 0
115 0
116 0
117 0
118 0
119 0
120 0
121 0
122 0
123 0
124 0
125 0
126 0
#############################



### angle = 102
-126 0
-125 0
-124 0
-123 0
-122 0
-121 0
-120 0
-119 0
-118 0
-117 0
-116 0
-115 0
-114 0
-113 0
-112 0
-111 0
-110 0
-109 0.0132451
-108 0.0794707
-107 0.158941
-106 0.218544
-105 0.264902
-104 0.31126
-103 0.291393
-102 0.337751
-101 0.31126
-100 0.430466
-99 0.450334
-98 0.437089
-97 0.450334
-96 0.443712
-95 0.437089
-94 0.437089
-93 0.470202
-92 0.456957
-91 0.456957
-90 0.423844
-89 0.443712
-88 0.437089
-87 0.463579
-86 0.443712
-85 0.463579
-84 0.450334
-83 0.443712
-82 0.450334
-81 0.437089
-80 0.437089
-79 0.450334
-78 0.450334
-77 0.450334
-76 0.456957
-75 0.443712
-74 0.443712
-73 0.450334
-72 0.470202
-71 0.450334
-70 0.443712
-69 0.463579
-68 0.450334
-67 0.443712
-66 0.443712
-65 0.450334
-64 0.450334
-63 0.456957
-62 0.443712
-61 0.443712
-60 0.450334
-59 0.450334
-58 0.463579
-57 0.456957
-56 0.463579
-55 0.430466
-54 0.456957
-53 0.443712
-52 0.456957
-51 0.450334
-50 0.437089
-49 0.456957
-48 0.470202
-47 0.456957
-46 0.450334
-45 0.450334
-44 0.450334
-43 0.470202
-42 0.443712
-41 0.443712
-40 0.437089
-39 0.456957
-38 0.430466
-37 0.456957
-36 0.437089
-35 0.456957
-34 0.456957
-33 0.450334
-32 0.450334
-31 0.463579
-30 0.450334
-29 0.463579
-28 0.456957
-27 0.463579
-26 0.443712
-25 0.443712
-24 0.450334
-23 0.450334
-22 0.430466
-21 0.470202
-20 0.450334
-19 0.456957
-18 0.450334
-17 0.437089
-16 0.456957
-15 0.450334
-14 0.450334
-13 0.437089
-12 0.470202
-11 0.470202
-10 0.450334
-9 0.450334
-8 0.463579
-7 0.456957
-6 0.463579
-5 0.443712
-4 0.450334
-3 0.430466
-2 0.430466
-1 0.437089
0 0.450334
1 0.450334
2 0.450334
3 0.456957
4 0.456957
5 0.490069
6 0.437089
7 0.430466
8 0.437089
9 0.443712
10 0.437089
11 0.443712
12 0.443712
13 0.456957
14 0.450334
15 0.443712
16 0.456957
17 0.443712
18 0.443712
19 0.470202
20 0.483447
21 0.450334
22 0.443712
23 0.490069
24 0.463579
25 0.476824
26 0.496692
27 0.483447
28 0.509937
29 0.536427
30 0.523182
31 0.430466
32 0.556295
33 0.443712
34 0.317883
35 0.443712
36 0.496692
37 0.417221
38 0.509937
39 0.410599
40 0.0728482
41 0
42 0
43 0
44 0.185432
45 0.264902
46 0.251657
47 0.331128
48 0.291393
49 0.324505
50 0.278148
51 0.437089
52 0.403976
53 0.145696
54 0.105961
55 0.152319
56 0.337751
57 0.403976
58 0.350996
59 0.390731
60 0.503315
61 0.536427
62 0.51656
63 0.490069
64 0.456957
65 0.437089
66 0.549672
67 0.384108
68 0.450334
69 0.483447
70 0.456957
71 0.437089
72 0.337751
73 0.423844
74 0.304638
75 0.205299
76 0.119206
77 0.23179
78 0.165564
79 0.211922
80 0.251657
81 0.125829
82 0.0463579
83 0.0463579
84 0
85 0
86 0
87 0
88 0
89 0
90 0
91 0
92 0
93 0
94 0
95 0
96 0
97 0
98 0
99 0
100 0
101 0
102 0
103 0
104 0
105 0
106 0
107 0
108 0
109 0
110 0
111 0
112 0
113 0
114 0
115 0
116 0
117 0
118 0
119 0
120 0
121 0
122 0
123 0
124 0
125 0
126 0
#############################



### angle = 108
-126 0
-125 0
-124 0
-123 0
-122 0
-121 0
-120 0
-119 0
-118 0
-117 0
-116 0
-115 0
-114 0
-113 0
-112 0
-111 0
-110 0
-109 0.0132451
-108 0.0132451
-107 0.112584
-106 0.145696
-105 0.165564
-104 0.23179
-103 0.238412
-102 0.278148
-101 0.271525
-100 0.304638
-99 0.304638
-98 0.317883
-97 0.337751
-96 0.31126
-95 0.476824
-94 0.450334
-93 0.456957
-92 0.456957
-91 0.490069
-90 0.450334
-89 0.456957
-88 0.456957
-87 0.456957
-86 0.463579
-85 0.456957
-84 0.456957
-83 0.463579
-82 0.456957
-81 0.463579
-80 0.456957
-79 0.476824
-78 0.456957
-77 0.456957
-76 0.450334
-75 0.450334
-74 0.470202
-73 0.476824
-72 0.483447
-71 0.470202
-70 0.463579
-69 0.470202
-68 0.476824
-67 0.463579
-66 0.483447
-65 0.483447
-64 0.476824
-63 0.470202
-62 0.463579
-61 0.450334
-60 0.450334
-59 0.463579
-58 0.456957
-57 0.463579
-56 0.483447
-55 0.470202
-54 0.463579
-53 0.463579
-52 0.450334
-51 0.443712
-50 0.456957
-49 0.483447
-48 0.496692
-47 0.456957
-46 0.463579
-45 0.470202
-44 0.470202
-43 0.476824
-42 0.450334
-41 0.456957
-40 0.450334
-39 0.463579
-38 0.456957
-37 0.463579
-36 0.443712
-35 0.470202
-34 0.456957
-33 0.463579
-32 0.463579
-31 0.456957
-30 0.470202
-29 0.470202
-28 0.463579
-27 0.483447
-26 0.463579
-25 0.476824
-24 0.456957
-23 0.470202
-22 0.443712
-21 0.463579
-20 0.463579
-19 0.463579
-18 0.470202
-17 0.456957
-16 0.456957
-15 0.463579
-14 0.470202
-13 0.463579
-12 0.483447
-11 0.470202
-10 0.476824
-9 0.490069
-8 0.463579
-7 0.463579
-6 0.463579
-5 0.443712
-4 0.456957
-3 0.456957
-2 0.450334
-1 0.476824
0 0.450334
1 0.456957
2 0.463579
3 0.456957
4 0.476824
5 0.463579
6 0.450334
7 0.456957
8 0.470202
9 0.450334
10 0.470202
11 0.450334
12 0.443712
13 0.456957
14 0.456957
15 0.463579
16 0.456957
17 0.456957
18 0.470202
19 0.476824
20 0.437089
21 0.443712
22 0.456957
23 0.476824
24 0.463579
25 0.51656
26 0.476824
27 0.496692
28 0.51656
29 0.490069
30 0.556295
31 0.59603
32 0.529805
33 0.437089
34 0.483447
35 0.582785
36 0.529805
37 0.245035
38 0.152319
39 0.0927158
40 0.185432
41 0
42 0
43 0.0463579
44 0.238412
45 0.105961
46 0.271525
47 0.278148
48 0.417221
49 0.350996
50 0.370863
51 0.28477
52 0.198677
53 0.324505
54 0.271525
55 0.31126
56 0.403976
57 0.490069
58 0.403976
59 0.503315
60 0.51656
61 0.54305
62 0.503315
63 0.331128
64 0.450334
65 0.463579
66 0.483447
67 0.509937
68 0.556295
69 0.437089
70 0.390731
71 0.245035
72 0.172187
73 0.0794707
74 0.251657
75 0.25828
76 0
77 0.225167
78 0.25828
79 0.178809
80 0.152319
81 0.0927158
82 0.0463579
83 0.0529805
84 0
85 0.0264902
86 0
87 0
88 0
89 0
90 0
91 0
92 0
93 0
94 0
95 0
96 0
97 0
98 0
99 0
100 0
101 0
102 0
103 0
104 0
105 0
106 0
107 0
108 0
109 0
110 0
111 0
112 0
113 0
114 0
115 0
116 0
117 0
118 0
119 0
120 0
121 0
122 0
123 0
124 0
125 0
126 0
#############################



### angle = 114
-126 0
-125 0
-124 0
-123 0
-122 0
-121 0
-120 0
-119 0
-118 0
-117 0
-116 0
-115 0
-114 0
-113 0
-112 0
-111 0
-110 0
-109 0
-108 0
-107 0.00662256
-106 0.0927158
-105 0.0927158
-104 0.152319
-103 0.185432
-102 0.211922
-101 0.205299
-100 0.245035
-99 0.264902
-98 0.25828
-97 0.291393
-96 0.317883
-95 0.324505
-94 0.344373
-93 0.337751
-92 0.337751
-91 0.377486
-90 0.344373
-89 0.456957
-88 0.456957
-87 0.470202
-86 0.476824
-85 0.470202
-84 0.463579
-83 0.476824
-82 0.463579
-81 0.483447
-80 0.476824
-79 0.483447
-78 0.483447
-77 0.476824
-76 0.476824
-75 0.496692
-74 0.483447
-73 0.470202
-72 0.470202
-71 0.483447
-70 0.483447
-69 0.490069
-68 0.483447
-67 0.483447
-66 0.496692
-65 0.490069
-64 0.490069
-63 0.503315
-62 0.490069
-61 0.470202
-60 0.483447
-59 0.476824
-58 0.496692
-57 0.483447
-56 0.476824
-55 0.483447
-54 0.490069
-53 0.490069
-52 0.483447
-51 0.463579
-50 0.476824
-49 0.509937
-48 0.496692
-47 0.476824
-46 0.496692
-45 0.509937
-44 0.490069
-43 0.503315
-42 0.490069
-41 0.496692
-40 0.476824
-39 0.476824
-38 0.483447
-37 0.476824
-36 0.483447
-35 0.483447
-34 0.483447
-33 0.476824
-32 0.476824
-31 0.490069
-30 0.496692
-29 0.490069
-28 0.470202
-27 0.496692
-26 0.483447
-25 0.490069
-24 0.483447
-23 0.490069
-22 0.456957
-21 0.490069
-20 0.470202
-19 0.476824
-18 0.456957
-17 0.483447
-16 0.496692
-15 0.470202
-14 0.470202
-13 0.490069
-12 0.503315
-11 0.496692
-10 0.503315
-9 0.496692
-8 0.470202
-7 0.483447
-6 0.490069
-5 0.470202
-4 0.483447
-3 0.470202
-2 0.470202
-1 0.476824
0 0.476824
1 0.470202
2 0.496692
3 0.483447
4 0.470202
5 0.476824
6 0.463579
7 0.483447
8 0.463579
9 0.470202
10 0.476824
11 0.456957
12 0.470202
13 0.490069
14 0.490069
15 0.483447
16 0.476824
17 0.476824
18 0.450334
19 0.456957
20 0.476824
21 0.470202
22 0.496692
23 0.437089
24 0.490069
25 0.503315
26 0.509937
27 0.496692
28 0.490069
29 0.529805
30 0.562918
31 0.523182
32 0.536427
33 0.523182
34 0.450334
35 0.25828
36 0.278148
37 0.397354
38 0.145696
39 0.377486
40 0.278148
41 0.0662256
42 0.125829
43 0.23179
44 0.211922
45 0.271525
46 0.158941
47 0.31126
48 0.403976
49 0.377486
50 0.317883
51 0.271525
52 0.430466
53 0.324505
54 0.423844
55 0.397354
56 0.529805
57 0.443712
58 0.490069
59 0.483447
60 0.496692
61 0.324505
62 0.476824
63 0.503315
64 0.496692
65 0.509937
66 0.503315
67 0.337751
68 0.178809
69 0.178809
70 0.271525
71 0.251657
72 0.23179
73 0.125829
74 0.0794707
75 0.251657
76 0.25828
77 0.185432
78 0.145696
79 0.145696
80 0.119206
81 0.0662256
82 0.0463579
83 0
84 0
85 0
86 0
87 0
88 0
89 0
90 0
91 0
92 0
93 0
94 0
95 0
96 0
97 0
98 0
99 0
100 0
101 0
102 0
103 0
104 0
105 0
106 0
107 0
108 0
109 0
110 0
111 0
112 0
113 0
114 0
115 0
116 0
117 0
118 0
119 0
120 0
121 0
122 0
123 0
124 0
125 0
126 0
#############################



### angle = 120
-126 0
-125 0
-124 0
-123 0
-122 0
-121 0
-120 0
-119 0
-118 0
-117 0
-116 0
-115 0
-114 0
-113 0
-112 0
-111 0
-110 0
-109 0
-108 0
-107 0
-106 0
-105 0.00662256
-104 0.0463579
-103 0.0662256
-102 0.125829
-101 0.132451
-100 0.185432
-99 0.178809
-98 0.205299
-97 0.211922
-96 0.23179
-95 0.245035
-94 0.278148
-93 0.278148
-92 0.291393
-91 0.317883
-90 0.304638
-89 0.324505
-88 0.350996
-87 0.344373
-86 0.350996
-85 0.384108
-84 0.390731
-83 0.403976
-82 0.437089
-81 0.443712
-80 0.470202
-79 0.483447
-78 0.509937
-77 0.496692
-76 0.509937
-75 0.503315
-74 0.503315
-73 0.496692
-72 0.509937
-71 0.509937
-70 0.496692
-69 0.503315
-68 0.496692
-67 0.503315
-66 0.51656
-65 0.51656
-64 0.529805
-63 0.529805
-62 0.503315
-61 0.490069
-60 0.490069
-59 0.523182
-58 0.496692
-57 0.503315
-56 0.503315
-55 0.496692
-54 0.509937
-53 0.523182
-52 0.509937
-51 0.503315
-50 0.509937
-49 0.509937
-48 0.51656
-47 0.496692
-46 0.496692
-45 0.509937
-44 0.509937
-43 0.509937
-42 0.496692
-41 0.51656
-40 0.523182
-39 0.503315
-38 0.490069
-37 0.509937
-36 0.483447
-35 0.496692
-34 0.496692
-33 0.509937
-32 0.509937
-31 0.496692
-30 0.503315
-29 0.509937
-28 0.509937
-27 0.523182
-26 0.509937
-25 0.503315
-24 0.529805
-23 0.503315
-22 0.490069
-21 0.51656
-20 0.483447
-19 0.509937
-18 0.51656
-17 0.503315
-16 0.51656
-15 0.509937
-14 0.503315
-13 0.503315
-12 0.509937
-11 0.54305
-10 0.496692
-9 0.509937
-8 0.509937
-7 0.503315
-6 0.509937
-5 0.483447
-4 0.496692
-3 0.496692
-2 0.483447
-1 0.503315
0 0.503315
1 0.529805
2 0.476824
3 0.503315
4 0.503315
5 0.51656
6 0.509937
7 0.496692
8 0.503315
9 0.496692
10 0.503315
11 0.483447
12 0.503315
13 0.503315
14 0.503315
15 0.496692
16 0.496692
17 0.483447
18 0.496692
19 0.509937
20 0.509937
21 0.496692
22 0.51656
23 0.463579
24 0.496692
25 0.556295
26 0.536427
27 0.56954
28 0.615898
29 0.549672
30 0.28477
31 0.298015
32 0.324505
33 0.390731
34 0.483447
35 0.476824
36 0.337751
37 0.403976
38 0.271525
39 0.291393
40 0.364241
41 0.264902
42 0.211922
43 0.211922
44 0.205299
45 0.238412
46 0.437089
47 0.357618
48 0.31126
49 0.317883
50 0.370863
51 0.384108
52 0.344373
53 0.403976
54 0.403976
55 0.54305
56 0.443712
57 0.496692
58 0.423844
59 0.384108
60 0.463579
61 0.456957
62 0.450334
63 0.298015
64 0.291393
65 0.331128
66 0.264902
67 0.264902
68 0.298015
69 0.125829
70 0.0860933
71 0.139074
72 0.251657
73 0.25828
74 0.192054
75 0.152319
76 0.0927158
77 0.139074
78 0.119206
79 0.059603
80 0.0794707
81 0.0132451
82 0.0132451
83 0
84 0
85 0
86 0
87 0
88 0
89 0
90 0
91 0
92 0
93 0
94 0
95 0
96 0
97 0
98 0
99 0
100 0
101 0
102 0
103 0
104 0
105 0
106 0
107 0
108 0
109 0
110 0
111 0
112 0
113 0
114 0
115 0
116 0
117 0
118 0
119 0
120 0
121 0
122 0
123 0
124 0
125 0
126 0
#############################



### angle = 126
-126 0
-125 0
-124 0
-123 0
-122 0
-121 0
-120 0
-119 0
-118 0
-117 0
-116 0
-115 0
-114 0
-113 0
-112 0
-111 0
-110 0
-109 0
-108 0
-107 0
-106 0
-105 0
-104 0
-103 0
-102 0
-101 0.00662256
-100 0.0264902
-99 0.0993384
-98 0.105961
-97 0.145696
-96 0.192054
-95 0.172187
-94 0.192054
-93 0.211922
-92 0.218544
-91 0.238412
-90 0.23179
-89 0.278148
-88 0.28477
-87 0.28477
-86 0.298015
-85 0.317883
-84 0.331128
-83 0.344373
-82 0.344373
-81 0.357618
-80 0.364241
-79 0.403976
-78 0.390731
-77 0.337751
-76 0.403976
-75 0.437089
-74 0.470202
-73 0.483447
-72 0.496692
-71 0.509937
-70 0.509937
-69 0.549672
-68 0.536427
-67 0.529805
-66 0.562918
-65 0.549672
-64 0.536427
-63 0.556295
-62 0.536427
-61 0.529805
-60 0.556295
-59 0.54305
-58 0.556295
-57 0.529805
-56 0.54305
-55 0.529805
-54 0.536427
-53 0.54305
-52 0.54305
-51 0.529805
-50 0.556295
-49 0.54305
-48 0.54305
-47 0.529805
-46 0.536427
-45 0.54305
-44 0.556295
-43 0.556295
-42 0.536427
-41 0.536427
-40 0.529805
-39 0.536427
-38 0.523182
-37 0.54305
-36 0.56954
-35 0.54305
-34 0.556295
-33 0.54305
-32 0.54305
-31 0.549672
-30 0.549672
-29 0.56954
-28 0.536427
-27 0.549672
-26 0.549672
-25 0.549672
-24 0.556295
-23 0.536427
-22 0.51656
-21 0.549672
-20 0.536427
-19 0.529805
-18 0.54305
-17 0.556295
-16 0.549672
-15 0.54305
-14 0.536427
-13 0.549672
-12 0.56954
-11 0.56954
-10 0.529805
-9 0.549672
-8 0.529805
-7 0.536427
-6 0.536427
-5 0.536427
-4 0.523182
-3 0.536427
-2 0.51656
-1 0.51656
0 0.576163
1 0.509937
2 0.536427
3 0.529805
4 0.529805
5 0.54305
6 0.536427
7 0.536427
8 0.536427
9 0.549672
10 0.536427
11 0.536427
12 0.536427
13 0.54305
14 0.523182
15 0.529805
16 0.54305
17 0.536427
18 0.529805
19 0.529805
20 0.529805
21 0.549672
22 0.536427
23 0.54305
24 0.509937
25 0.622521
26 0.582785
27 0.271525
28 0.304638
29 0.357618
30 0.410599
31 0.443712
32 0.562918
33 0.549672
34 0.556295
35 0.430466
36 0.28477
37 0.397354
38 0.456957
39 0.576163
40 0.357618
41 0.470202
42 0.198677
43 0.238412
44 0.291393
45 0.28477
46 0.218544
47 0.291393
48 0.278148
49 0.443712
50 0.198677
51 0.476824
52 0.54305
53 0.476824
54 0.370863
55 0.470202
56 0.357618
57 0.28477
58 0.324505
59 0.483447
60 0.357618
61 0.25828
62 0.278148
63 0.28477
64 0.264902
65 0.0860933
66 0.0463579
67 0.165564
68 0.251657
69 0.264902
70 0.205299
71 0.185432
72 0.158941
73 0.132451
74 0.0993384
75 0.105961
76 0.0331128
77 0.0927158
78 0.0794707
79 0
80 0
81 0.0132451
82 0
83 0
84 0
85 0
86 0
87 0
88 0
89 0
90 0
91 0
92 0
93 0
94 0
95 0
96 0
97 0
98 0
99 0
100 0
101 0
102 0
103 0
104 0
105 0
106 0
107 0
108 0
109 0
110 0
111 0
112 0
113 0
114 0
115 0
116 0
117 0
118 0
119 0
120 0
121 0
122 0
123 0
124 0
125 0
126 0
#############################



### angle = 132
-126 0
-125 0
-124 0
-123 0
-122 0
-121 0
-120 0
-119 0
-118 0
-117 0
-116 0
-115 0
-114 0
-113 0
-112 0
-111 0
-110 0
-109 0
-108 0
-107 0
-106 0
-105 0
-104 0
-103 0
-102 0
-101 0
-100 0
-99 0
-98 0
-97 0.00662256
-96 0.0264902
-95 0.0529805
-94 0.0927158
-93 0.139074
-92 0.125829
-91 0.192054
-90 0.172187
-89 0.198677
-88 0.205299
-87 0.225167
-86 0.23179
-85 0.225167
-84 0.245035
-83 0.28477
-82 0.298015
-81 0.291393
-80 0.304638
-79 0.331128
-78 0.344373
-77 0.344373
-76 0.357618
-75 0.384108
-74 0.397354
-73 0.423844
-72 0.423844
-71 0.410599
-70 0.423844
-69 0.437089
-68 0.450334
-67 0.463579
-66 0.476824
-65 0.509937
-64 0.529805
-63 0.54305
-62 0.54305
-61 0.549672
-60 0.549672
-59 0.576163
-58 0.589408
-57 0.589408
-56 0.589408
-55 0.576163
-54 0.582785
-53 0.59603
-52 0.609276
-51 0.582785
-50 0.582785
-49 0.589408
-48 0.615898
-47 0.582785
-46 0.562918
-45 0.582785
-44 0.59603
-43 0.602653
-42 0.56954
-41 0.582785
-40 0.576163
-39 0.576163
-38 0.582785
-37 0.582785
-36 0.602653
-35 0.582785
-34 0.589408
-33 0.589408
-32 0.576163
-31 0.59603
-30 0.602653
-29 0.602653
-28 0.602653
-27 0.589408
-26 0.589408
-25 0.589408
-24 0.609276
-23 0.589408
-22 0.576163
-21 0.589408
-20 0.609276
-19 0.589408
-18 0.589408
-17 0.576163
-16 0.576163
-15 0.59603
-14 0.602653
-13 0.602653
-12 0.582785
-11 0.589408
-10 0.602653
-9 0.582785
-8 0.576163
-7 0.589408
-6 0.59603
-5 0.56954
-4 0.56954
-3 0.549672
-2 0.589408
-1 0.582785
0 0.576163
1 0.582785
2 0.56954
3 0.582785
4 0.576163
5 0.59603
6 0.56954
7 0.589408
8 0.576163
9 0.562918
10 0.589408
11 0.54305
12 0.576163
13 0.582785
14 0.582785
15 0.576163
16 0.59603
17 0.589408
18 0.59603
19 0.602653
20 0.59603
21 0.589408
22 0.450334
23 0.324505
24 0.377486
25 0.31126
26 0.476824
27 0.556295
28 0.562918
29 0.483447
30 0.523182
31 0.629143
32 0.622521
33 0.503315
34 0.364241
35 0.54305
36 0.51656
37 0.56954
38 0.682124
39 0.450334
40 0.145696
41 0.0529805
42 0.158941
43 0.125829
44 0.125829
45 0.350996
46 0.437089
47 0.291393
48 0.503315
49 0.390731
50 0.205299
51 0.298015
52 0.397354
53 0.410599
54 0.463579
55 0.364241
56 0.397354
57 0.291393
58 0.298015
59 0.304638
60 0.0860933
61 0.0662256
62 0.165564
63 0.271525
64 0.28477
65 0.23179
66 0.205299
67 0.192054
68 0.172187
69 0.145696
70 0.145696
71 0.139074
72 0.0463579
73 0.0927158
74 0.0662256
75 0.0132451
76 0
77 0
78 0.0132451
79 0
80 0
81 0
82 0
83 0
84 0
85 0
86 0
87 0
88 0
89 0
90 0
91 0
92 0
93 0
94 0
95 0
96 0
97 0
98 0
99 0
100 0
101 0
102 0
103 0
104 0
105 0
106 0
107 0
108 0
109 0
110 0
111 0
112 0
113 0
114 0
115 0
116 0
117 0
118 0
119 0
120 0
121 0
122 0
123 0
124 0
125 0
126 0
#############################



### angle = 138
-126 0
-125 0
-124 0
-123 0
-122 0
-121 0
-120 0
-119 0
-118 0
-117 0
-116 0
-115 0
-114 0
-113 0
-112 0
-111 0
-110 0
-109 0
-108 0
-107 0
-106 0
-105 0
-104 0
-103 0
-102 0
-101 0
-100 0
-99 0
-98 0
-97 0
-96 0
-95 0
-94 0
-93 0
-92 0
-91 0
-90 0.0132451
-89 0.059603
-88 0.105961
-87 0.119206
-86 0.152319
-85 0.185432
-84 0.178809
-83 0.205299
-82 0.205299
-81 0.225167
-80 0.23179
-79 0.245035
-78 0.264902
-77 0.264902
-76 0.298015
-75 0.304638
-74 0.324505
-73 0.331128
-72 0.344373
-71 0.364241
-70 0.370863
-69 0.390731
-68 0.397354
-67 0.403976
-66 0.443712
-65 0.463579
-64 0.450334
-63 0.456957
-62 0.456957
-61 0.463579
-60 0.470202
-59 0.490069
-58 0.51656
-57 0.51656
-56 0.536427
-55 0.54305
-54 0.56954
-53 0.589408
-52 0.59603
-51 0.615898
-50 0.629143
-49 0.629143
-48 0.649011
-47 0.649011
-46 0.662256
-45 0.675501
-44 0.668879
-43 0.642388
-42 0.635766
-41 0.642388
-40 0.635766
-39 0.642388
-38 0.622521
-37 0.635766
-36 0.642388
-35 0.662256
-34 0.649011
-33 0.655633
-32 0.642388
-31 0.649011
-30 0.655633
-29 0.675501
-28 0.642388
-27 0.649011
-26 0.642388
-25 0.649011
-24 0.649011
-23 0.655633
-22 0.649011
-21 0.668879
-20 0.655633
-19 0.655633
-18 0.629143
-17 0.642388
-16 0.642388
-15 0.649011
-14 0.668879
-13 0.655633
-12 0.635766
-11 0.649011
-10 0.655633
-9 0.655633
-8 0.642388
-7 0.649011
-6 0.635766
-5 0.642388
-4 0.642388
-3 0.655633
-2 0.622521
-1 0.615898
0 0.655633
1 0.635766
2 0.635766
3 0.642388
4 0.642388
5 0.649011
6 0.615898
7 0.635766
8 0.615898
9 0.609276
10 0.668879
11 0.642388
12 0.629143
13 0.662256
14 0.675501
15 0.635766
16 0.576163
17 0.51656
18 0.503315
19 0.403976
20 0.443712
21 0.54305
22 0.403976
23 0.463579
24 0.556295
25 0.642388
26 0.662256
27 0.682124
28 0.701991
29 0.649011
30 0.503315
31 0.463579
32 0.523182
33 0.430466
34 0.476824
35 0.708614
36 0.476824
37 0.317883
38 0.390731
39 0.377486
40 0.112584
41 0.172187
42 0.251657
43 0.245035
44 0.331128
45 0.165564
46 0.291393
47 0.430466
48 0.463579
49 0.470202
50 0.370863
51 0.317883
52 0.403976
53 0.350996
54 0.245035
55 0.0132451
56 0.119206
57 0.271525
58 0.31126
59 0.28477
60 0.245035
61 0.225167
62 0.211922
63 0.172187
64 0.165564
65 0.172187
66 0.132451
67 0.0463579
68 0.125829
69 0.0860933
70 0.0463579
71 0.0397354
72 0
73 0.0132451
74 0.0132451
75 0
76 0
77 0
78 0
79 0
80 0
81 0
82 0
83 0
84 0
85 0
86 0
87 0
88 0
89 0
90 0
91 0
92 0
93 0
94 0
95 0
96 0
97 0
98 0
99 0
100 0
101 0
102 0
103 0
104 0
105 0
106 0
107 0
108 0
109 0
110 0
111 0
112 0
113 0
114 0
115 0
116 0
117 0
118 0
119 0
120 0
121 0
122 0
123 0
124 0
125 0
126 0
#############################



### angle = 144
-126 0
-125 0
-124 0
-123 0
-122 0
-121 0
-120 0
-119 0
-118 0
-117 0
-116 0
-115 0
-114 0
-113 0
-112 0
-111 0
-110 0
-109 0
-108 0
-107 0
-106 0
-105 0
-104 0
-103 0
-102 0
-101 0
-100 0
-99 0
-98 0
-97 0
-96 0
-95 0
-94 0
-93 0
-92 0
-91 0
-90 0
-89 0
-88 0
-87 0
-86 0
-85 0.0198677
-84 0
-83 0.0860933
-82 0.119206
-81 0.139074
-80 0.145696
-79 0.172187
-78 0.198677
-77 0.198677
-76 0.205299
-75 0.225167
-74 0.238412
-73 0.25828
-72 0.264902
-71 0.28477
-70 0.298015
-69 0.324505
-68 0.324505
-67 0.337751
-66 0.377486
-65 0.384108
-64 0.384108
-63 0.410599
-62 0.410599
-61 0.430466
-60 0.437089
-59 0.443712
-58 0.483447
-57 0.476824
-56 0.483447
-55 0.496692
-54 0.503315
-53 0.536427
-52 0.536427
-51 0.536427
-50 0.536427
-49 0.582785
-48 0.589408
-47 0.582785
-46 0.59603
-45 0.635766
-44 0.655633
-43 0.655633
-42 0.668879
-41 0.668879
-40 0.688746
-39 0.708614
-38 0.728482
-37 0.715236
-36 0.701991
-35 0.728482
-34 0.741727
-33 0.708614
-32 0.735104
-31 0.728482
-30 0.708614
-29 0.735104
-28 0.721859
-27 0.761594
-26 0.721859
-25 0.721859
-24 0.741727
-23 0.735104
-22 0.728482
-21 0.728482
-20 0.748349
-19 0.741727
-18 0.741727
-17 0.735104
-16 0.715236
-15 0.721859
-14 0.748349
-13 0.728482
-12 0.715236
-11 0.715236
-10 0.701991
-9 0.754972
-8 0.721859
-7 0.741727
-6 0.735104
-5 0.695369
-4 0.748349
-3 0.721859
-2 0.721859
-1 0.708614
0 0.701991
1 0.708614
2 0.721859
3 0.735104
4 0.735104
5 0.715236
6 0.695369
7 0.721859
8 0.748349
9 0.701991
10 0.715236
11 0.59603
12 0.602653
13 0.622521
14 0.642388
15 0.450334
16 0.629143
17 0.589408
18 0.523182
19 0.701991
20 0.701991
21 0.701991
22 0.675501
23 0.622521
24 0.721859
25 0.562918
26 0.615898
27 0.649011
28 0.496692
29 0.264902
30 0.304638
31 0.662256
32 0.523182
33 0.576163
34 0.503315
35 0.337751
36 0.205299
37 0.403976
38 0.357618
39 0.304638
40 0.192054
41 0.178809
42 0.384108
43 0.509937
44 0.403976
45 0.264902
46 0.278148
47 0.364241
48 0.28477
49 0.0529805
50 0.158941
51 0.31126
52 0.317883
53 0.31126
54 0.271525
55 0.25828
56 0.251657
57 0.205299
58 0.211922
59 0.185432
60 0.192054
61 0.105961
62 0.0993384
63 0.152319
64 0.105961
65 0.0397354
66 0.0794707
67 0.0132451
68 0.0264902
69 0
70 0
71 0
72 0
73 0
74 0
75 0
76 0
77 0
78 0
79 0
80 0
81 0
82 0
83 0
84 0
85 0
86 0
87 0
88 0
89 0
90 0
91 0
92 0
93 0
94 0
95 0
96 0
97 0
98 0
99 0
100 0
101 0
102 0
103 0
104 0
105 0
106 0
107 0
108 0
109 0
110 0
111 0
112 0
113 0
114 0
115 0
116 0
117 0
118 0
119 0
120 0
121 0
122 0
123 0
124 0
125 0
126 0
#############################



### angle = 150
-126 0
-125 0
-124 0
-123 0
-122 0
-121 0
-120 0
-119 0
-118 0
-117 0
-116 0
-115 0
-114 0
-113 0
-112 0
-111 0
-110 0
-109 0
-108 0
-107 0
-106 0
-105 0
-104 0
-103 0
-102 0
-101 0
-100 0
-99 0
-98 0
-97 0
-96 0
-95 0
-94 0
-93 0
-92 0
-91 0
-90 0
-89 0
-88 0
-87 0
-86 0
-85 0
-84 0
-83 0
-82 0
-81 0
-80 0
-79 0
-78 0
-77 0
-76 0.0529805
-75 0.0794707
-74 0.139074
-73 0.152319
-72 0.172187
-71 0.205299
-70 0.218544
-69 0.238412
-68 0.225167
-67 0.251657
-66 0.278148
-65 0.291393
-64 0.31126
-63 0.317883
-62 0.331128
-61 0.350996
-60 0.344373
-59 0.377486
-58 0.390731
-57 0.423844
-56 0.423844
-55 0.437089
-54 0.443712
-53 0.483447
-52 0.476824
-51 0.496692
-50 0.496692
-49 0.562918
-48 0.536427
-47 0.562918
-46 0.56954
-45 0.576163
-44 0.589408
-43 0.609276
-42 0.642388
-41 0.622521
-40 0.629143
-39 0.655633
-38 0.662256
-37 0.668879
-36 0.708614
-35 0.708614
-34 0.721859
-33 0.741727
-32 0.77484
-31 0.781462
-30 0.80133
-29 0.834443
-28 0.80133
-27 0.834443
-26 0.82782
-25 0.834443
-24 0.841065
-23 0.841065
-22 0.834443
-21 0.85431
-20 0.834443
-19 0.834443
-18 0.847688
-17 0.82782
-16 0.82782
-15 0.847688
-14 0.867555
-13 0.82782
-12 0.834443
-11 0.814575
-10 0.841065
-9 0.847688
-8 0.847688
-7 0.834443
-6 0.841065
-5 0.847688
-4 0.834443
-3 0.814575
-2 0.821197
-1 0.814575
0 0.82782
1 0.821197
2 0.794707
3 0.841065
4 0.82782
5 0.794707
6 0.701991
7 0.708614
8 0.675501
9 0.735104
10 0.56954
11 0.51656
12 0.807952
13 0.860933
14 0.741727
15 0.622521
16 0.781462
17 0.794707
18 0.701991
19 0.668879
20 0.556295
21 0.635766
22 0.675501
23 0.748349
24 0.615898
25 0.476824
26 0.450334
27 0.377486
28 0.298015
29 0.668879
30 0.384108
31 0.509937
32 0.529805
33 0.51656
34 0.364241
35 0.483447
36 0.503315
37 0.430466
38 0.291393
39 0.28477
40 0.119206
41 0.331128
42 0.377486
43 0.0397354
44 0.251657
45 0.28477
46 0.344373
47 0.324505
48 0.291393
49 0.271525
50 0.264902
51 0.245035
52 0.245035
53 0.211922
54 0.192054
55 0.119206
56 0.125829
57 0.165564
58 0.145696
59 0.0728482
60 0.0728482
61 0.0529805
62 0
63 0.0264902
64 0
65 0
66 0
67 0
68 0
69 0
70 0
71 0
72 0
73 0
74 0
75 0
76 0
77 0
78 0
79 0
80 0
81 0
82 0
83 0
84 0
85 0
86 0
87 0
88 0
89 0
90 0
91 0
92 0
93 0
94 0
95 0
96 0
97 0
98 0
99 0
100 0
101 0
102 0
103 0
104 0
105 0
106 0
107 0
108 0
109 0
110 0
111 0
112 0
113 0
114 0
115 0
116 0
117 0
118 0
119 0
120 0
121 0
122 0
123 0
124 0
125 0
126 0
#############################



### angle = 156
-126 0
-125 0
-124 0
-123 0
-122 0
-121 0
-120 0
-119 0
-118 0
-117 0
-116 0
-115 0
-114 0
-113 0
-112 0
-111 0
-110 0
-109 0
-108 0
-107 0
-106 0
-105 0
-104 0
-103 0
-102 0
-101 0
-100 0
-99 0
-98 0
-97 0
-96 0
-95 0
-94 0
-93 0
-92 0
-91 0
-90 0
-89 0
-88 0
-87 0
-86 0
-85 0
-84 0
-83 0
-82 0
-81 0
-80 0
-79 0
-78 0
-77 0
-76 0
-75 0
-74 0
-73 0
-72 0
-71 0
-70 0
-69 0.0264902
-68 0.0662256
-67 0.132451
-66 0.145696
-65 0.178809
-64 0.192054
-63 0.225167
-62 0.251657
-61 0.25828
-60 0.271525
-59 0.28477
-58 0.31126
-57 0.324505
-56 0.344373
-55 0.350996
-54 0.370863
-53 0.390731
-52 0.403976
-51 0.423844
-50 0.450334
-49 0.476824
-48 0.496692
-47 0.490069
-46 0.509937
-45 0.536427
-44 0.54305
-43 0.576163
-42 0.576163
-41 0.615898
-40 0.629143
-39 0.649011
-38 0.642388
-37 0.655633
-36 0.695369
-35 0.695369
-34 0.708614
-33 0.715236
-32 0.748349
-31 0.761594
-30 0.768217
-29 0.768217
-28 0.794707
-27 0.80133
-26 0.847688
-25 0.841065
-24 0.85431
-23 0.900668
-22 0.894046
-21 0.913913
-20 0.927158
-19 0.920536
-18 0.947026
-17 0.953649
-16 0.966894
-15 1.00663
-14 1.0265
-13 0.993384
-12 1.00663
-11 0.986761
-10 0.973516
-9 1.01987
-8 0.993384
-7 1.03312
-6 1.00001
-5 0.986761
-4 1.00663
-3 1.00001
-2 1.00663
-1 0.947026
0 0.8808
1 0.953649
2 0.77484
3 0.900668
4 0.655633
5 0.741727
6 0.85431
7 0.867555
8 0.966894
9 0.781462
10 0.821197
11 0.741727
12 0.834443
13 0.927158
14 0.748349
15 0.77484
16 0.761594
17 0.721859
18 0.860933
19 0.615898
20 0.642388
21 0.476824
22 0.370863
23 0.509937
24 0.695369
25 0.582785
26 0.748349
27 0.476824
28 0.483447
29 0.430466
30 0.602653
31 0.529805
32 0.377486
33 0.397354
34 0.622521
35 0.456957
36 0.211922
37 0.0860933
38 0.218544
39 0.324505
40 0.324505
41 0.218544
42 0.278148
43 0.324505
44 0.304638
45 0.291393
46 0.264902
47 0.251657
48 0.271525
49 0.119206
50 0.205299
51 0.178809
52 0.152319
53 0.145696
54 0.139074
55 0.0927158
56 0.0529805
57 0
58 0
59 0
60 0
61 0
62 0
63 0
64 0
65 0
66 0
67 0
68 0
69 0
70 0
71 0
72 0
73 0
74 0
75 0
76 0
77 0
78 0
79 0
80 0
81 0
82 0
83 0
84 0
85 0
86 0
87 0
88 0
89 0
90 0
91 0
92 0
93 0
94 0
95 0
96 0
97 0
98 0
99 0
100 0
101 0
102 0
103 0
104 0
105 0
106 0
107 0
108 0
109 0
110 0
111 0
112 0
113 0
114 0
115 0
116 0
117 0
118 0
119 0
120 0
121 0
122 0
123 0
124 0
125 0
126 0
#############################



### angle = 162
-126 0
-125 0
-124 0
-123 0
-122 0
-121 0
-120 0
-119 0
-118 0
-117 0
-116 0
-115 0
-114 0
-113 0
-112 0
-111 0
-110 0
-109 0
-108 0
-107 0
-106 0
-105 0
-104 0
-103 0
-102 0
-101 0
-100 0
-99 0
-98 0
-97 0
-96 0
-95 0
-94 0
-93 0
-92 0
-91 0
-90 0
-89 0
-88 0
-87 0
-86 0
-85 0
-84 0
-83 0
-82 0
-81 0
-80 0
-79 0
-78 0
-77 0
-76 0
-75 0
-74 0
-73 0
-72 0
-71 0
-70 0
-69 0
-68 0
-67 0
-66 0
-65 0
-64 0
-63 0
-62 0
-61 0
-60 0.0397354
-59 0.0860933
-58 0.145696
-57 0.185432
-56 0.205299
-55 0.211922
-54 0.251657
-53 0.298015
-52 0.317883
-51 0.331128
-50 0.337751
-49 0.384108
-48 0.397354
-47 0.423844
-46 0.437089
-45 0.463579
-44 0.490069
-43 0.529805
-42 0.529805
-41 0.556295
-40 0.56954
-39 0.602653
-38 0.615898
-37 0.629143
-36 0.649011
-35 0.668879
-34 0.695369
-33 0.721859
-32 0.748349
-31 0.768217
-30 0.761594
-29 0.807952
-28 0.788085
-27 0.821197
-26 0.887423
-25 0.867555
-24 0.900668
-23 0.920536
-22 0.907291
-21 0.953649
-20 0.973516
-19 0.960271
-18 0.973516
-17 1.00001
-16 0.993384
-15 1.04636
-14 1.07285
-13 1.05299
-12 1.10597
-11 1.09272
-10 1.10597
-9 1.16557
-8 1.11921
-7 1.1457
-6 1.04636
-5 1.13908
-4 1.03312
-3 1.00001
-2 0.933781
-1 0.913913
0 0.927158
1 1.13246
2 1.01987
3 1.09272
4 1.00001
5 1.03312
6 0.940404
7 0.960271
8 1.03974
9 0.940404
10 0.847688
11 0.867555
12 0.887423
13 0.841065
14 0.715236
15 0.847688
16 0.794707
17 0.688746
18 0.615898
19 0.668879
20 0.748349
21 0.662256
22 0.741727
23 0.701991
24 0.59603
25 0.397354
26 0.443712
27 0.476824
28 0.635766
29 0.350996
30 0.476824
31 0.721859
32 0.529805
33 0.357618
34 0.370863
35 0.218544
36 0.125829
37 0.31126
38 0.238412
39 0.172187
40 0.370863
41 0.264902
42 0.238412
43 0.264902
44 0.251657
45 0.178809
46 0.158941
47 0.158941
48 0.0860933
49 0.119206
50 0.0132451
51 0
52 0
53 0
54 0
55 0
56 0
57 0
58 0
59 0
60 0
61 0
62 0
63 0
64 0
65 0
66 0
67 0
68 0
69 0
70 0
71 0
72 0
73 0
74 0
75 0
76 0
77 0
78 0
79 0
80 0
81 0
82 0
83 0
84 0
85 0
86 0
87 0
88 0
89 0
90 0
91 0
92 0
93 0
94 0
95 0
96 0
97 0
98 0
99 0
100 0
101 0
102 0
103 0
104 0
105 0
106 0
107 0
108 0
109 0
110 0
111 0
112 0
113 0
114 0
115 0
116 0
117 0
118 0
119 0
120 0
121 0
122 0
123 0
124 0
125 0
126 0
#############################



### angle = 168
-126 0
-125 0
-124 0
-123 0
-122 0
-121 0
-120 0
-119 0
-118 0
-117 0
-116 0
-115 0
-114 0
-113 0
-112 0
-111 0
-110 0
-109 0
-108 0
-107 0
-106 0
-105 0
-104 0
-103 0
-102 0
-101 0
-100 0
-99 0
-98 0
-97 0
-96 0
-95 0
-94 0
-93 0
-92 0
-91 0
-90 0
-89 0
-88 0
-87 0
-86 0
-85 0
-84 0
-83 0
-82 0
-81 0
-80 0
-79 0
-78 0
-77 0
-76 0
-75 0
-74 0
-73 0
-72 0
-71 0
-70 0
-69 0
-68 0
-67 0
-66 0
-65 0
-64 0
-63 0
-62 0
-61 0
-60 0
-59 0
-58 0
-57 0
-56 0
-55 0
-54 0
-53 0
-52 0.0264902
-51 0.0463579
-50 0.132451
-49 0.192054
-48 0.218544
-47 0.251657
-46 0.304638
-45 0.337751
-44 0.364241
-43 0.403976
-42 0.456957
-41 0.450334
-40 0.51656
-39 0.536427
-38 0.556295
-37 0.589408
-36 0.622521
-35 0.662256
-34 0.682124
-33 0.728482
-32 0.77484
-31 0.781462
-30 0.807952
-29 0.847688
-28 0.874178
-27 0.907291
-26 0.947026
-25 0.947026
-24 0.986761
-23 1.00663
-22 1.03312
-21 1.09272
-20 1.07948
-19 1.09934
-18 1.12584
-17 1.11259
-16 1.11921
-15 1.09934
-14 1.13908
-13 1.11259
-12 0.986761
-11 1.07285
-10 1.06623
-9 1.03312
-8 0.788085
-7 0.940404
-6 0.986761
-5 1.0265
-4 1.09934
-3 1.0861
-2 1.0861
-1 1.03312
0 1.18544
1 1.06623
2 1.11921
3 1.07948
4 1.05961
5 1.13246
6 1.00663
7 1.10597
8 1.07285
9 1.0265
10 1.13246
11 1.18544
12 0.920536
13 0.953649
14 1.09934
15 0.947026
16 0.894046
17 0.900668
18 0.701991
19 0.576163
20 0.788085
21 0.986761
22 0.59603
23 0.463579
24 0.748349
25 0.615898
26 0.708614
27 0.754972
28 0.728482
29 0.649011
30 0.278148
31 0.437089
32 0.31126
33 0.185432
34 0.23179
35 0.192054
36 0.324505
37 0.304638
38 0.264902
39 0.264902
40 0.198677
41 0.198677
42 0.105961
43 0.0397354
44 0.0132451
45 0
46 0
47 0
48 0
49 0
50 0
51 0
52 0
53 0
54 0
55 0
56 0
57 0
58 0
59 0
60 0
61 0
62 0
63 0
64 0
65 0
66 0
67 0
68 0
69 0
70 0
71 0
72 0
73 0
74 0
75 0
76 0
77 0
78 0
79 0
80 0
81 0
82 0
83 0
84 0
85 0
86 0
87 0
88 0
89 0
90 0
91 0
92 0
93 0
94 0
95 0
96 0
97 0
98 0
99 0
100 0
101 0
102 0
103 0
104 0
105 0
106 0
107 0
108 0
109 0
110 0
111 0
112 0
113 0
114 0
115 0
116 0
117 0
118 0
119 0
120 0
121 0
122 0
123 0
124 0
125 0
126 0
#############################



### angle = 174
-126 0
-125 0
-124 0
-123 0
-122 0
-121 0
-120 0
-119 0
-118 0
-117 0
-116 0
-115 0
-114 0
-113 0
-112 0
-111 0
-110 0
-109 0
-108 0
-107 0
-106 0
-105 0
-104 0
-103 0
-102 0
-101 0
-100 0
-99 0
-98 0
-97 0
-96 0
-95 0
-94 0
-93 0
-92 0
-91 0
-90 0
-89 0
-88 0
-87 0
-86 0
-85 0
-84 0
-83 0
-82 0
-81 0
-80 0
-79 0
-78 0
-77 0
-76 0
-75 0
-74 0
-73 0
-72 0
-71 0
-70 0
-69 0
-68 0
-67 0
-66 0
-65 0
-64 0
-63 0
-62 0
-61 0
-60 0
-59 0
-58 0
-57 0
-56 0
-55 0
-54 0
-53 0
-52 0
-51 0
-50 0
-49 0
-48 0
-47 0
-46 0
-45 0
-44 0
-43 0
-42 0.0198677
-41 0.178809
-40 0.25828
-39 0.344373
-38 0.417221
-37 0.503315
-36 0.549672
-35 0.629143
-34 0.701991
-33 0.77484
-32 0.847688
-31 0.913913
-30 0.953649
-29 1.03312
-28 1.10597
-27 1.15233
-26 1.07285
-25 1.0861
-24 1.09934
-23 1.09272
-22 1.07948
-21 1.11921
-20 1.12584
-19 1.10597
-18 1.0861
-17 1.05299
-16 1.16557
-15 0.834443
-14 0.874178
-13 0.933781
-12 0.980139
-11 0.920536
-10 1.10597
-9 1.1457
-8 1.09934
-7 1.06623
-6 1.12584
-5 1.04636
-4 1.06623
-3 0.986761
-2 1.13908
-1 1.10597
0 1.13246
1 1.0265
2 0.940404
3 0.960271
4 1.09934
5 1.22517
6 0.947026
7 0.980139
8 1.07948
9 1.04636
10 0.894046
11 0.807952
12 1.01987
13 1.10597
14 1.0265
15 0.867555
16 0.8808
17 1.13246
18 1.15233
19 1.07948
20 1.05299
21 0.973516
22 1.0861
23 1.16557
24 1.01325
25 0.953649
26 0.768217
27 0.615898
28 0.54305
29 0.509937
30 0.384108
31 0.31126
32 0.264902
33 0.377486
34 0.251657
35 0.158941
36 0.0264902
37 0
38 0
39 0
40 0
41 0
42 0
43 0
44 0
45 0
46 0
47 0
48 0
49 0
50 0
51 0
52 0
53 0
54 0
55 0
56 0
57 0
58 0
59 0
60 0
61 0
62 0
63 0
64 0
65 0
66 0
67 0
68 0
69 0
70 0
71 0
72 0
73 0
74 0
75 0
76 0
77 0
78 0
79 0
80 0
81 0
82 0
83 0
84 0
85 0
86 0
87 0
88 0
89 0
90 0
91 0
92 0
93 0
94 0
95 0
96 0
97 0
98 0
99 0
100 0
101 0
102 0
103 0
104 0
105 0
106 0
107 0
108 0
109 0
110 0
111 0
112 0
113 0
114 0
115 0
116 0
117 0
118 0
119 0
120 0
121 0
122 0
123 0
124 0
125 0
126 0
#############################



