0 0.44605
1 0.418688
2 0.392781
3 0.367288
4 0.342862
5 0.319642
6 0.298659
7 0.279083
8 0.261732
9 0.245736
10 0.232587
11 0.220636
12 0.211105
13 0.202506
14 0.196939
15 0.192008
16 0.189462
17 0.187278
18 0.187714
19 0.188167
20 0.190796
21 0.193085
22 0.197841
23 0.201907
24 0.208108
25 0.212851
26 0.215795
27 0.216946
28 0.216736
29 0.215327
30 0.213129
31 0.210328
32 0.207342
33 0.20414
34 0.201134
35 0.198335
36 0.19603
37 0.193875
38 0.192246
39 0.191072
40 0.190542
41 0.190528
42 0.191114
43 0.192085
44 0.193488
45 0.195039
46 0.196601
47 0.198027
48 0.199284
49 0.200067
