2.275462e+01
2.270665e+01
2.244657e+01
2.203726e+01
2.201876e+01
2.155336e+01
2.155336e+01
2.103733e+01
2.103733e+01
2.078383e+01
2.055243e+01
2.039075e+01
1.984737e+01
1.945855e+01
1.927884e+01
1.927884e+01
1.908337e+01
1.853247e+01
1.853247e+01
1.832668e+01
1.810958e+01
1.800612e+01
1.774218e+01
1.762309e+01
1.708696e+01
1.707172e+01
1.678942e+01
1.653074e+01
1.627725e+01
1.619348e+01
1.593759e+01
1.574451e+01
1.554824e+01
1.531484e+01
1.493699e+01
1.482402e+01
1.458031e+01
1.438496e+01
1.416766e+01
1.410559e+01
1.375815e+01
1.353420e+01
1.341437e+01
1.303393e+01
1.303393e+01
1.275156e+01
1.256720e+01
1.240366e+01
1.227312e+01
1.198576e+01
1.180978e+01
1.169987e+01
1.143513e+01
1.125955e+01
1.102781e+01
1.069601e+01
1.069601e+01
1.058809e+01
1.041956e+01
1.021025e+01
1.009029e+01
9.829807e+00
9.700998e+00
9.527545e+00
9.363872e+00
9.261211e+00
9.073586e+00
8.933134e+00
8.734664e+00
8.673253e+00
8.423154e+00
8.237325e+00
8.195742e+00
7.993014e+00
7.913041e+00
7.702462e+00
7.566733e+00
7.472122e+00
7.288756e+00
7.255888e+00
7.095609e+00
6.997139e+00
6.776846e+00
6.701863e+00
6.588090e+00
6.492548e+00
6.290951e+00
6.265203e+00
6.104591e+00
6.043779e+00
5.913240e+00
5.744977e+00
5.684764e+00
5.572921e+00
5.480838e+00
5.402196e+00
5.325682e+00
5.157818e+00
5.059015e+00
4.971391e+00
4.845975e+00
4.762342e+00
4.714438e+00
4.613573e+00
4.461477e+00
4.384830e+00
4.363207e+00
4.220892e+00
4.200665e+00
4.081437e+00
4.006720e+00
3.918031e+00
3.813107e+00
3.803127e+00
3.698536e+00
3.665003e+00
3.536727e+00
3.460679e+00
3.396274e+00
3.349434e+00
3.274518e+00
3.221823e+00
3.117166e+00
3.032136e+00
2.949900e+00
2.949900e+00
2.887159e+00
2.838723e+00
2.734864e+00
2.682369e+00
2.643313e+00
2.620758e+00
2.558550e+00
2.501929e+00
2.424285e+00
2.371391e+00
2.371391e+00
2.301796e+00
2.244844e+00
2.190020e+00
2.146574e+00
2.120027e+00
2.085163e+00
2.026747e+00
1.994145e+00
1.977911e+00
1.904591e+00
1.857352e+00
1.817631e+00
1.799534e+00
1.751630e+00
1.708782e+00
1.700466e+00
1.657352e+00
1.625749e+00
1.530339e+00
1.530339e+00
1.522222e+00
1.463673e+00
1.451697e+00
1.451697e+00
1.379840e+00
1.366134e+00
1.314105e+00
1.314105e+00
1.269860e+00
1.234265e+00
1.216567e+00
1.190220e+00
1.190220e+00
1.155755e+00
1.113706e+00
1.107518e+00
1.088623e+00
1.070126e+00
1.028144e+00
1.021224e+00
9.906188e-01
9.399867e-01
9.399867e-01
