### angle = 0
-112 0
-111 0
-110 0
-109 2
-108 4
-107 6
-106 8
-105 10
-104 13
-103 14
-102 16
-101 17.5
-100 17
-99 15.5
-98 17.5
-97 18
-96 20.5
-95 23
-94 27.5
-93 33.5
-92 38
-91 37
-90 38.5
-89 39
-88 39.5
-87 39
-86 39
-85 37.5
-84 38.5
-83 37
-82 37
-81 35.5
-80 34
-79 35
-78 34.5
-77 34
-76 34
-75 33.5
-74 32
-73 33
-72 33
-71 35.5
-70 38.5
-69 40
-68 43
-67 41.5
-66 42
-65 43.5
-64 45.5
-63 49.5
-62 51.5
-61 55.5
-60 62
-59 70
-58 71
-57 75
-56 77.5
-55 78.5
-54 82
-53 85
-52 94.5
-51 98
-50 98.5
-49 98.5
-48 98
-47 94
-46 95
-45 89.5
-44 86.5
-43 87.5
-42 83.5
-41 78
-40 74.5
-39 71
-38 66
-37 61
-36 52.5
-35 45.5
-34 39.5
-33 38.5
-32 37
-31 38
-30 33
-29 25
-28 26.5
-27 27
-26 30
-25 34.5
-24 38
-23 43
-22 45.5
-21 46
-20 46.5
-19 49
-18 47.5
-17 50
-16 49
-15 50
-14 46.5
-13 48.5
-12 53
-11 53
-10 56
-9 55
-8 56
-7 59
-6 63.5
-5 67
-4 69
-3 73.5
-2 73
-1 77.5
0 157.5
1 161
2 170
3 171.5
4 174
5 177
6 179.5
7 179
8 178.5
9 182.5
10 189.5
11 187.5
12 187.5
13 189.5
14 191
15 188
16 187.5
17 188.5
18 187.5
19 188.5
20 184.5
21 173
22 162
23 146.5
24 125
25 119.5
26 116.5
27 112.5
28 108.5
29 107
30 105.5
31 107.5
32 112
33 106.5
34 102
35 103
36 105
37 102.5
38 94.5
39 87.5
40 87
41 85.5
42 84
43 89
44 89
45 89.5
46 89.5
47 88
48 90.5
49 95.5
50 93
51 91.5
52 91.5
53 91
54 89.5
55 91
56 94
57 102
58 104.5
59 105.5
60 106.5
61 107.5
62 109
63 110.5
64 111.5
65 116
66 120
67 118
68 120.5
69 120.5
70 121.5
71 121.5
72 117.5
73 119.5
74 121.5
75 118.5
76 120
77 114.5
78 110
79 111
80 111.5
81 111
82 112.5
83 112
84 0
85 0
86 0
87 0
88 0
89 0
90 0
91 0
92 0
93 0
94 0
95 0
96 0
97 0
98 0
99 0
100 0
101 0
102 0
103 0
104 0
105 0
106 0
107 0
108 0
109 0
110 0
111 0
112 0
#############################



### angle = 4.5
-112 0
-111 0
-110 0
-109 0
-108 0
-107 0
-106 0
-105 0
-104 0
-103 0
-102 0
-101 0
-100 0
-99 0
-98 0
-97 0
-96 0
-95 0
-94 0
-93 0
-92 0
-91 0
-90 0
-89 0
-88 3
-87 8
-86 10.5
-85 10
-84 11.5
-83 17.5
-82 22.5
-81 29.5
-80 37
-79 44
-78 49.5
-77 55.5
-76 57
-75 62
-74 64
-73 65.5
-72 65
-71 67.5
-70 69.5
-69 70
-68 71
-67 73
-66 75
-65 76
-64 77
-63 75
-62 75
-61 69
-60 66.5
-59 66.5
-58 67
-57 68.5
-56 69.5
-55 69
-54 72.5
-53 76
-52 79
-51 80.5
-50 83.5
-49 84.5
-48 80.5
-47 82.5
-46 84.5
-45 85
-44 86
-43 86
-42 85
-41 86
-40 85
-39 79
-38 78
-37 78
-36 78.5
-35 78.5
-34 77.5
-33 75.5
-32 75.5
-31 77
-30 73.5
-29 67
-28 62.5
-27 59
-26 58.5
-25 52.5
-24 51
-23 52
-22 51
-21 50
-20 48.5
-19 49.5
-18 52
-17 53
-16 59.5
-15 61.5
-14 60
-13 62.5
-12 62
-11 63.5
-10 64
-9 66
-8 72
-7 77.5
-6 84.5
-5 92.5
-4 103
-3 110.5
-2 113.5
-1 116
0 118
1 116.5
2 114
3 114.5
4 111.5
5 111
6 111.5
7 109.5
8 110.5
9 117
10 116
11 116
12 115.5
13 117
14 113
15 119
16 120.5
17 122
18 133
19 140
20 152.5
21 159
22 167.5
23 174.5
24 178
25 175.5
26 179
27 180
28 180
29 180.5
30 174
31 152
32 140.5
33 136
34 131
35 125.5
36 125.5
37 124.5
38 119.5
39 120.5
40 125.5
41 125.5
42 126
43 131
44 131.5
45 132
46 132.5
47 137
48 136
49 133
50 130
51 124
52 121.5
53 129.5
54 131
55 120
56 119
57 111.5
58 99
59 90.5
60 79
61 74
62 72
63 72
64 78
65 79
66 73.5
67 69.5
68 64.5
69 61
70 67.5
71 62.5
72 60
73 56.5
74 58.5
75 65
76 66
77 62
78 57.5
79 52
80 49
81 48.5
82 47
83 45
84 43
85 41
86 40.5
87 44
88 42
89 40.5
90 39.5
91 38
92 36
93 32
94 31
95 27
96 25
97 23
98 19.5
99 17.5
100 15
101 13.5
102 10.5
103 7.5
104 6
105 3
106 2
107 1
108 0
109 0
110 0
111 0
112 0
#############################



### angle = 9
-112 0
-111 0
-110 0
-109 0
-108 0
-107 1
-106 5
-105 6
-104 9
-103 12
-102 15
-101 18
-100 20
-99 23
-98 25
-97 28
-96 31
-95 33
-94 34
-93 35
-92 36
-91 37
-90 40.5
-89 41.5
-88 42.5
-87 41.5
-86 44
-85 44.5
-84 42.5
-83 40.5
-82 41
-81 42
-80 41.5
-79 40.5
-78 43
-77 44
-76 45
-75 47
-74 49.5
-73 54
-72 54
-71 57.5
-70 64
-69 65
-68 69.5
-67 71.5
-66 71.5
-65 78
-64 82.5
-63 87
-62 86.5
-61 99.5
-60 105.5
-59 115
-58 124
-57 125
-56 125.5
-55 127.5
-54 128.5
-53 128.5
-52 114
-51 105.5
-50 110
-49 121
-48 134
-47 142
-46 152.5
-45 168
-44 170
-43 171.5
-42 174.5
-41 188.5
-40 193.5
-39 191.5
-38 183
-37 173
-36 172
-35 173.5
-34 169.5
-33 178
-32 186.5
-31 190.5
-30 189
-29 185.5
-28 193
-27 196.5
-26 194.5
-25 186.5
-24 184
-23 187
-22 185.5
-21 184
-20 181.5
-19 171.5
-18 170.5
-17 162
-16 157
-15 143.5
-14 141
-13 130.5
-12 114.5
-11 102
-10 92
-9 88
-8 88
-7 81
-6 75
-5 72.5
-4 70.5
-3 65.5
-2 65.5
-1 61.5
0 53.5
1 51.5
2 57.5
3 60.5
4 64
5 63.5
6 61
7 61
8 58.5
9 63
10 64
11 69.5
12 72.5
13 74
14 75.5
15 75.5
16 74
17 74.5
18 73.5
19 75
20 81.5
21 80
22 83
23 82.5
24 77.5
25 75.5
26 70
27 68.5
28 67
29 67
30 62
31 57.5
32 56.5
33 55.5
34 53.5
35 54.5
36 52.5
37 52.5
38 53.5
39 55
40 55
41 56
42 57.5
43 62.5
44 68.5
45 70
46 70
47 73
48 73
49 73
50 74
51 71
52 71
53 68
54 64.5
55 65
56 65
57 67.5
58 66.5
59 67
60 73.5
61 74
62 75
63 72
64 71.5
65 67.5
66 62.5
67 52
68 47
69 47.5
70 45
71 43.5
72 39
73 33
74 28
75 25
76 25
77 24.5
78 28.5
79 32
80 32
81 31.5
82 30
83 29
84 25
85 15.5
86 13.5
87 10
88 6
89 0
90 0
91 0
92 0
93 0
94 0
95 0
96 0
97 0
98 0
99 0
100 0
101 0
102 0
103 0
104 0
105 0
106 0
107 0
108 0
109 0
110 0
111 0
112 0
#############################



### angle = 13.5
-112 0
-111 0
-110 0
-109 0
-108 0
-107 0
-106 0
-105 0
-104 0
-103 0
-102 0
-101 0
-100 0
-99 0
-98 0
-97 0
-96 0
-95 0
-94 0
-93 0
-92 0
-91 0
-90 0
-89 0
-88 0
-87 0
-86 0
-85 100
-84 91
-83 87.5
-82 85.5
-81 85
-80 81.5
-79 79.5
-78 79
-77 73
-76 77
-75 83.5
-74 87
-73 90
-72 94
-71 97.5
-70 98
-69 99
-68 106.5
-67 109
-66 109.5
-65 114
-64 114.5
-63 112
-62 110.5
-61 111.5
-60 109.5
-59 107
-58 112
-57 107.5
-56 101
-55 97.5
-54 92
-53 92
-52 89.5
-51 89.5
-50 91
-49 88.5
-48 86
-47 80
-46 73.5
-45 79
-44 83
-43 85
-42 91.5
-41 98
-40 101
-39 101.5
-38 106
-37 109.5
-36 115.5
-35 123.5
-34 129.5
-33 129.5
-32 130.5
-31 133
-30 133
-29 134.5
-28 129
-27 127
-26 126.5
-25 126.5
-24 128
-23 126
-22 128
-21 129.5
-20 130.5
-19 135
-18 141
-17 145.5
-16 155
-15 157.5
-14 158
-13 149
-12 153.5
-11 155.5
-10 157
-9 152
-8 144.5
-7 144
-6 139.5
-5 141.5
-4 143.5
-3 148.5
-2 143.5
-1 137
0 56
1 56.5
2 55.5
3 58
4 57
5 57
6 58
7 57.5
8 56.5
9 56.5
10 55
11 54
12 55
13 57
14 56
15 54.5
16 48
17 46.5
18 46.5
19 50
20 49.5
21 51
22 52.5
23 55
24 55.5
25 58
26 59
27 62
28 63
29 65.5
30 68
31 72.5
32 81.5
33 83
34 92
35 92
36 92.5
37 91.5
38 92
39 91.5
40 90.5
41 89
42 87.5
43 85.5
44 85
45 81.5
46 81.5
47 80.5
48 78.5
49 75.5
50 72.5
51 77.5
52 84
53 86.5
54 86
55 84.5
56 83.5
57 81.5
58 81
59 78.5
60 76.5
61 73.5
62 71
63 65
64 60.5
65 60
66 66
67 61.5
68 61.5
69 59.5
70 58.5
71 59.5
72 60.5
73 61.5
74 72
75 69
76 67
77 66
78 63
79 61
80 59
81 56
82 55
83 53
84 50
85 49
86 45
87 45
88 43
89 39
90 38
91 35
92 29.5
93 25
94 24
95 22.5
96 15
97 11.5
98 10
99 6.5
100 7.5
101 4
102 5.5
103 3
104 3
105 1
106 0
107 0
108 0
109 0
110 0
111 0
112 0
#############################



### angle = 18
-112 0
-111 0
-110 0
-109 0
-108 0
-107 0
-106 0
-105 0
-104 0
-103 0
-102 0
-101 0
-100 0
-99 0
-98 0
-97 0
-96 0
-95 0
-94 0
-93 0
-92 0
-91 0
-90 0
-89 0
-88 0
-87 0
-86 0
-85 0
-84 0
-83 0
-82 0
-81 0
-80 0
-79 0
-78 0
-77 0
-76 0
-75 0
-74 0
-73 0
-72 0
-71 0
-70 0
-69 0
-68 0
-67 0
-66 0
-65 0
-64 5
-63 12.5
-62 19.5
-61 24
-60 29.5
-59 38.5
-58 43.5
-57 45
-56 55
-55 64
-54 70.5
-53 70
-52 72.5
-51 72
-50 74.5
-49 79.5
-48 83.5
-47 89.5
-46 90
-45 90
-44 89
-43 91
-42 92.5
-41 93.5
-40 89
-39 95
-38 95
-37 99
-36 98
-35 105
-34 109.5
-33 112.5
-32 115.5
-31 118.5
-30 125
-29 131
-28 130.5
-27 131
-26 125
-25 130.5
-24 127
-23 129.5
-22 132.5
-21 129
-20 135
-19 135.5
-18 139
-17 143.5
-16 146.5
-15 146
-14 138.5
-13 139
-12 131.5
-11 131
-10 135
-9 121.5
-8 109.5
-7 103.5
-6 96
-5 93
-4 89.5
-3 86
-2 80
-1 73
0 65.5
1 66
2 69.5
3 69.5
4 76.5
5 83
6 88
7 94
8 97.5
9 104.5
10 117
11 119.5
12 125
13 123.5
14 124
15 126.5
16 122.5
17 121
18 121
19 115.5
20 125.5
21 124
22 129.5
23 128.5
24 130
25 128
26 126.5
27 123.5
28 110
29 103
30 99
31 104.5
32 110.5
33 101.5
34 97
35 97
36 88.5
37 83.5
38 84
39 92
40 100
41 101
42 116
43 120.5
44 127
45 138.5
46 138.5
47 143
48 151.5
49 147.5
50 154.5
51 148
52 152.5
53 149
54 149
55 155
56 154.5
57 148
58 134
59 130.5
60 122.5
61 119.5
62 113
63 112
64 112.5
65 109
66 109.5
67 108
68 100.5
69 98.5
70 91.5
71 96
72 95.5
73 91.5
74 77.5
75 68
76 66.5
77 58.5
78 51.5
79 45.5
80 40
81 37
82 31
83 30
84 31.5
85 36
86 41
87 43
88 38.5
89 36
90 39.5
91 40
92 36
93 37
94 33
95 30
96 31
97 27
98 24
99 24
100 22
101 18
102 18
103 15
104 13
105 11
106 10
107 6
108 6
109 3
110 1
111 0
112 0
#############################



### angle = 22.5
-112 0
-111 0
-110 0
-109 0
-108 0
-107 0
-106 0
-105 1
-104 3
-103 2.5
-102 3
-101 6
-100 10
-99 18
-98 24
-97 29
-96 33
-95 33
-94 35
-93 38
-92 40
-91 40
-90 41
-89 43
-88 45.5
-87 49
-86 55
-85 58
-84 59
-83 63
-82 61
-81 61.5
-80 62.5
-79 66
-78 65
-77 68.5
-76 63
-75 53.5
-74 54
-73 53
-72 59
-71 62
-70 69.5
-69 72.5
-68 75.5
-67 78.5
-66 78
-65 86
-64 91
-63 90.5
-62 93.5
-61 95
-60 93
-59 89
-58 87.5
-57 79.5
-56 80.5
-55 85.5
-54 86
-53 88.5
-52 95.5
-51 110
-50 111.5
-49 120.5
-48 119
-47 123
-46 121
-45 130
-44 132
-43 132.5
-42 132
-41 128
-40 128
-39 130
-38 122
-37 112
-36 111
-35 107.5
-34 102
-33 98
-32 98
-31 93.5
-30 91.5
-29 84.5
-28 83
-27 80.5
-26 80.5
-25 78
-24 71
-23 69
-22 67
-21 60.5
-20 61
-19 63.5
-18 62
-17 63
-16 63.5
-15 67
-14 66
-13 68
-12 69.5
-11 69.5
-10 74
-9 76.5
-8 75.5
-7 74
-6 76.5
-5 87.5
-4 92.5
-3 97
-2 98
-1 101
0 104
1 109.5
2 112.5
3 121
4 117
5 116
6 115.5
7 123
8 124.5
9 126
10 126.5
11 122
12 124.5
13 123
14 121.5
15 122
16 124
17 118
18 105
19 106
20 101.5
21 101.5
22 95
23 92.5
24 84.5
25 86.5
26 89
27 90
28 90.5
29 90.5
30 98.5
31 103.5
32 101.5
33 100
34 98
35 101.5
36 102.5
37 102
38 103
39 104
40 108
41 106.5
42 106
43 106
44 107.5
45 107
46 110
47 107.5
48 108.5
49 108
50 106
51 105.5
52 100
53 80.5
54 72.5
55 71.5
56 73.5
57 70
58 70
59 67.5
60 64.5
61 58
62 58
63 58
64 56
65 57
66 59.5
67 61.5
68 59.5
69 61
70 63.5
71 63
72 61
73 56.5
74 55.5
75 54
76 51.5
77 49.5
78 48.5
79 46.5
80 44
81 44
82 41.5
83 39
84 38
85 34.5
86 34
87 32
88 34
89 32.5
90 32
91 31
92 32
93 27
94 27
95 25.5
96 23.5
97 20
98 16.5
99 14.5
100 13
101 12.5
102 13
103 11
104 7
105 6
106 2
107 0
108 0
109 0
110 0
111 0
112 0
#############################



### angle = 27
-112 0
-111 0
-110 0.5
-109 1.5
-108 2.5
-107 4
-106 4.5
-105 5.5
-104 7.5
-103 8.5
-102 11.5
-101 12
-100 14
-99 16.5
-98 17
-97 20
-96 21
-95 26.5
-94 32.5
-93 35.5
-92 43
-91 46.5
-90 54
-89 57.5
-88 62.5
-87 68.5
-86 71
-85 73.5
-84 76.5
-83 80.5
-82 92
-81 94.5
-80 100
-79 110.5
-78 111.5
-77 120.5
-76 111.5
-75 111.5
-74 109
-73 98
-72 100
-71 86.5
-70 85
-69 71.5
-68 64
-67 63
-66 60
-65 67
-64 69
-63 75.5
-62 76
-61 72
-60 75
-59 86
-58 89.5
-57 102
-56 109.5
-55 119
-54 126
-53 118
-52 118.5
-51 118
-50 118
-49 120.5
-48 127
-47 122
-46 120.5
-45 119
-44 123.5
-43 128.5
-42 135.5
-41 130.5
-40 129
-39 123
-38 122
-37 114
-36 107
-35 106.5
-34 107.5
-33 105.5
-32 108.5
-31 108.5
-30 108.5
-29 106.5
-28 104
-27 103.5
-26 103
-25 102.5
-24 102
-23 92.5
-22 88
-21 79.5
-20 77.5
-19 72.5
-18 70.5
-17 66
-16 67.5
-15 82
-14 95.5
-13 98.5
-12 108
-11 103
-10 102.5
-9 99
-8 88
-7 93.5
-6 87
-5 87
-4 93
-3 94
-2 101
-1 113.5
0 117.5
1 129
2 134.5
3 143
4 149.5
5 148.5
6 156
7 153
8 158
9 156.5
10 148.5
11 151
12 144.5
13 165
14 169
15 164
16 163.5
17 156.5
18 157
19 157
20 145.5
21 141
22 130
23 118.5
24 115
25 107
26 108.5
27 108
28 111.5
29 113
30 113
31 113.5
32 117.5
33 124
34 119
35 117.5
36 117
37 113.5
38 113.5
39 105
40 96.5
41 91.5
42 87
43 88
44 88.5
45 86
46 88.5
47 78.5
48 73
49 67
50 58
51 55.5
52 52.5
53 52
54 43.5
55 44
56 40.5
57 34
58 33
59 27.5
60 26
61 27
62 26
63 22
64 11
65 4
66 0
67 0
68 0
69 0
70 0
71 0
72 0
73 0
74 0
75 0
76 0
77 0
78 0
79 0
80 0
81 0
82 0
83 0
84 0
85 0
86 0
87 0
88 0
89 0
90 0
91 0
92 0
93 0
94 0
95 0
96 0
97 0
98 0
99 0
100 0
101 0
102 0
103 0
104 0
105 0
106 0
107 0
108 0
109 0
110 0
111 0
112 0
#############################



### angle = 31.5
-112 0
-111 1
-110 2
-109 7
-108 5
-107 10
-106 12
-105 13
-104 14
-103 19
-102 14.5
-101 14
-100 14
-99 17
-98 18.5
-97 23
-96 23
-95 33
-94 35
-93 37
-92 39
-91 41
-90 39.5
-89 41
-88 37.5
-87 37
-86 35.5
-85 35.5
-84 35.5
-83 35
-82 37.5
-81 36
-80 35.5
-79 35
-78 35
-77 35.5
-76 34.5
-75 33.5
-74 31.5
-73 33
-72 31
-71 29
-70 32.5
-69 32.5
-68 40
-67 43
-66 43
-65 43.5
-64 46.5
-63 49
-62 53
-61 56
-60 64
-59 70
-58 77
-57 73
-56 89
-55 91
-54 94.5
-53 103
-52 105
-51 98.5
-50 100
-49 97.5
-48 96
-47 96.5
-46 88.5
-45 91.5
-44 88.5
-43 86
-42 77
-41 67.5
-40 63
-39 58.5
-38 51.5
-37 47
-36 43.5
-35 40
-34 37
-33 36
-32 43
-31 35
-30 43
-29 49
-28 47.5
-27 58
-26 56
-25 56.5
-24 59.5
-23 59.5
-22 56
-21 56.5
-20 58.5
-19 54
-18 59.5
-17 60
-16 59.5
-15 65.5
-14 66.5
-13 66
-12 64.5
-11 63
-10 60.5
-9 62
-8 70
-7 72.5
-6 71
-5 75.5
-4 82.5
-3 104
-2 114
-1 116.5
0 118.5
1 119.5
2 130.5
3 146
4 159
5 169
6 169.5
7 173
8 177.5
9 181
10 184.5
11 185
12 186.5
13 184.5
14 182
15 184
16 183
17 174
18 168.5
19 159
20 155.5
21 156.5
22 142
23 142.5
24 141
25 137.5
26 130.5
27 115
28 97
29 88
30 88
31 79.5
32 77.5
33 69
34 64.5
35 67.5
36 66.5
37 68
38 65.5
39 70
40 74
41 78
42 79.5
43 87
44 92.5
45 93
46 95.5
47 95.5
48 100.5
49 102.5
50 103
51 111.5
52 113.5
53 114
54 113.5
55 110
56 105
57 101.5
58 101
59 103
60 106.5
61 108
62 110.5
63 114
64 117.5
65 117.5
66 117
67 117.5
68 117
69 121.5
70 129
71 131
72 132
73 130.5
74 125.5
75 124.5
76 121.5
77 114.5
78 101.5
79 86
80 80
81 80.5
82 69
83 60.5
84 53
85 39
86 25.5
87 13
88 1
89 0
90 0
91 0
92 0
93 0
94 0
95 0
96 0
97 0
98 0
99 0
100 0
101 0
102 0
103 0
104 0
105 0
106 0
107 0
108 0
109 0
110 0
111 0
112 0
#############################



### angle = 36
-112 0
-111 0
-110 0
-109 0
-108 0
-107 0
-106 0
-105 0
-104 0
-103 0
-102 0
-101 0
-100 0
-99 0
-98 0
-97 0
-96 0
-95 0
-94 0
-93 0
-92 0
-91 0
-90 0
-89 0
-88 0
-87 0
-86 0
-85 0
-84 0
-83 1
-82 8
-81 13
-80 15.5
-79 22.5
-78 30
-77 40.5
-76 49.5
-75 55
-74 58
-73 58
-72 63
-71 61.5
-70 64
-69 68.5
-68 72
-67 73
-66 74
-65 76
-64 74
-63 74.5
-62 74.5
-61 77
-60 73
-59 71.5
-58 70.5
-57 71.5
-56 67.5
-55 70
-54 69.5
-53 71
-52 71
-51 73
-50 74
-49 76
-48 76.5
-47 78
-46 77.5
-45 83.5
-44 81.5
-43 84
-42 84
-41 87
-40 84
-39 84
-38 84
-37 86
-36 84
-35 84
-34 84
-33 80
-32 79
-31 80
-30 84.5
-29 84
-28 86
-27 88
-26 92.5
-25 84
-24 78.5
-23 74.5
-22 66.5
-21 67
-20 67
-19 67
-18 65.5
-17 54
-16 50.5
-15 44.5
-14 41.5
-13 42.5
-12 52
-11 60.5
-10 71.5
-9 74.5
-8 81
-7 84
-6 90
-5 88
-4 88
-3 89.5
-2 101.5
-1 108
0 108
1 107
2 108.5
3 108.5
4 106.5
5 101.5
6 95
7 98.5
8 103
9 109
10 109
11 109
12 116
13 131.5
14 134.5
15 138
16 141.5
17 152
18 156
19 161.5
20 163.5
21 171
22 177.5
23 176.5
24 178
25 179
26 172.5
27 170
28 170.5
29 177
30 174.5
31 172
32 160
33 160.5
34 151
35 146.5
36 139
37 130
38 123.5
39 114.5
40 112.5
41 101.5
42 102.5
43 104
44 105.5
45 105.5
46 99.5
47 99
48 101
49 98.5
50 98
51 98.5
52 103.5
53 104.5
54 108.5
55 111.5
56 110
57 110.5
58 110
59 110.5
60 115.5
61 107
62 106.5
63 102
64 85.5
65 71
66 76
67 79.5
68 83.5
69 81
70 73.5
71 67.5
72 65.5
73 67.5
74 66.5
75 62
76 60.5
77 57.5
78 56
79 53.5
80 51
81 46
82 44
83 41.5
84 41.5
85 44.5
86 44.5
87 42.5
88 42
89 40.5
90 39.5
91 37.5
92 34.5
93 33.5
94 31.5
95 28
96 27.5
97 24
98 21.5
99 20.5
100 17.5
101 15
102 13.5
103 12
104 9
105 7
106 5
107 3.5
108 2
109 1
110 0
111 0
112 0
#############################



### angle = 40.5
-112 0
-111 0
-110 0
-109 0
-108 0
-107 0
-106 0
-105 0
-104 1
-103 4
-102 8
-101 11
-100 14
-99 17
-98 20
-97 23
-96 27
-95 30
-94 33
-93 33
-92 35
-91 35
-90 38.5
-89 40.5
-88 41
-87 41.5
-86 53
-85 54.5
-84 52
-83 51
-82 51.5
-81 52.5
-80 53.5
-79 54.5
-78 56.5
-77 59.5
-76 53
-75 50.5
-74 54
-73 59
-72 60
-71 62.5
-70 57
-69 59
-68 61
-67 64.5
-66 70
-65 76.5
-64 82
-63 92
-62 102.5
-61 108.5
-60 112.5
-59 118
-58 120
-57 118
-56 122
-55 124
-54 123
-53 121
-52 101.5
-51 87
-50 92
-49 99
-48 121.5
-47 136
-46 143.5
-45 155
-44 161.5
-43 167.5
-42 178
-41 170.5
-40 159
-39 159.5
-38 160
-37 164
-36 166
-35 165.5
-34 172
-33 178
-32 190.5
-31 204.5
-30 203.5
-29 204.5
-28 205.5
-27 200
-26 196
-25 199
-24 189.5
-23 190
-22 188
-21 183
-20 185
-19 178
-18 178
-17 180
-16 165.5
-15 156.5
-14 146.5
-13 135
-12 126
-11 117
-10 111.5
-9 107
-8 99
-7 98
-6 95.5
-5 85.5
-4 76.5
-3 80.5
-2 78
-1 79
0 75
1 68.5
2 65.5
3 64.5
4 63.5
5 59.5
6 57
7 55
8 55
9 53
10 53
11 55
12 55
13 54
14 51.5
15 51
16 51.5
17 48.5
18 44
19 47.5
20 49.5
21 49.5
22 53.5
23 60.5
24 67
25 71
26 71
27 76
28 71.5
29 70
30 72.5
31 67.5
32 70
33 67
34 64
35 59.5
36 55
37 51
38 53
39 53
40 51.5
41 56.5
42 56
43 61
44 65
45 66
46 70
47 68.5
48 70
49 72
50 70
51 72
52 75
53 72.5
54 72
55 65.5
56 65.5
57 66.5
58 65
59 65
60 67.5
61 67
62 67.5
63 63.5
64 62
65 62.5
66 58.5
67 56.5
68 50.5
69 47.5
70 46.5
71 46.5
72 45
73 43
74 39
75 38
76 38.5
77 36.5
78 30
79 27
80 22
81 22.5
82 25
83 28
84 31.5
85 31
86 29
87 27
88 23
89 15.5
90 14.5
91 12
92 8
93 6
94 1
95 0
96 0
97 0
98 0
99 0
100 0
101 0
102 0
103 0
104 0
105 0
106 0
107 0
108 0
109 0
110 0
111 0
112 0
#############################



### angle = 45
-112 0
-111 0
-110 0
-109 0
-108 0
-107 0
-106 0
-105 0
-104 0
-103 0
-102 0
-101 0
-100 0
-99 0
-98 0
-97 0
-96 0
-95 0
-94 0
-93 0
-92 0
-91 4.5
-90 15
-89 27
-88 38
-87 42.5
-86 51
-85 59
-84 66.5
-83 64.5
-82 60.5
-81 61.5
-80 73
-79 77
-78 75
-77 71
-76 70
-75 71.5
-74 75.5
-73 80.5
-72 84.5
-71 87.5
-70 93
-69 100
-68 100
-67 103
-66 105.5
-65 109
-64 109
-63 112
-62 110
-61 111
-60 111.5
-59 110.5
-58 107
-57 110
-56 107
-55 99.5
-54 97.5
-53 102
-52 98.5
-51 102
-50 102
-49 98.5
-48 96.5
-47 105.5
-46 116
-45 115.5
-44 121
-43 118
-42 112.5
-41 113
-40 112.5
-39 112
-38 114.5
-37 110
-36 111
-35 109.5
-34 109.5
-33 104
-32 99
-31 98.5
-30 107
-29 108
-28 112.5
-27 121.5
-26 130
-25 135.5
-24 135.5
-23 138.5
-22 144.5
-21 151
-20 160.5
-19 168.5
-18 164.5
-17 165.5
-16 162
-15 159
-14 160.5
-13 158.5
-12 154
-11 153.5
-10 152
-9 144.5
-8 145
-7 141.5
-6 141.5
-5 139
-4 125.5
-3 104.5
-2 96
-1 101.5
0 106
1 106.5
2 95.5
3 83.5
4 75
5 60
6 56
7 55.5
8 51.5
9 49.5
10 47.5
11 48
12 46.5
13 45.5
14 44
15 43.5
16 46
17 46
18 45.5
19 47
20 47.5
21 50
22 50.5
23 54
24 54
25 57
26 58
27 57.5
28 63.5
29 66.5
30 76
31 75
32 77
33 85.5
34 87
35 84
36 83.5
37 82
38 81
39 79.5
40 78
41 75
42 72.5
43 70.5
44 68
45 71
46 71
47 75
48 81
49 83.5
50 85
51 84
52 87
53 90
54 88.5
55 87
56 85.5
57 84
58 81
59 80
60 75.5
61 73.5
62 71
63 68.5
64 64.5
65 65
66 64.5
67 62
68 62.5
69 58.5
70 58
71 59
72 64
73 65.5
74 65.5
75 67
76 67
77 65
78 62
79 59
80 58
81 56
82 53
83 50
84 49
85 47
86 44
87 42
88 40
89 37
90 34
91 29.5
92 21.5
93 17
94 15
95 10.5
96 10
97 8.5
98 7.5
99 6
100 4.5
101 4
102 3
103 1
104 0
105 0
106 0
107 0
108 0
109 0
110 0
111 0
112 0
#############################



### angle = 49.5
-112 0
-111 0
-110 0
-109 0
-108 0
-107 0
-106 0
-105 0
-104 0
-103 0
-102 0
-101 0
-100 0
-99 0
-98 0
-97 0
-96 0
-95 0
-94 0
-93 0
-92 0
-91 0
-90 0
-89 0
-88 0
-87 0
-86 0
-85 0
-84 0
-83 0
-82 0
-81 0
-80 0
-79 0
-78 0
-77 0
-76 0
-75 0
-74 0
-73 0
-72 0
-71 0
-70 0
-69 0
-68 0
-67 0.5
-66 4.5
-65 21
-64 34
-63 49.5
-62 61
-61 64
-60 66
-59 68.5
-58 70.5
-57 70
-56 70
-55 71.5
-54 71
-53 68
-52 65
-51 63
-50 63.5
-49 64.5
-48 66.5
-47 69
-46 75
-45 81
-44 82
-43 93
-42 85.5
-41 89
-40 90.5
-39 91.5
-38 103
-37 100
-36 107.5
-35 109
-34 105.5
-33 99
-32 98
-31 106
-30 107
-29 111.5
-28 110.5
-27 116
-26 113
-25 115
-24 114
-23 109.5
-22 119
-21 108.5
-20 117
-19 116.5
-18 112
-17 121.5
-16 112
-15 118
-14 118.5
-13 112
-12 110.5
-11 110.5
-10 106
-9 100
-8 89.5
-7 84
-6 86.5
-5 85
-4 81.5
-3 94.5
-2 97.5
-1 98
0 96.5
1 94
2 95
3 95.5
4 92
5 94.5
6 94
7 91.5
8 101
9 87.5
10 103
11 94
12 101
13 100
14 108
15 110.5
16 110.5
17 124.5
18 120.5
19 130
20 142
21 134
22 146
23 140
24 145
25 149.5
26 138
27 154
28 143.5
29 158
30 139
31 134
32 116.5
33 122
34 116
35 114.5
36 113
37 105
38 106
39 101.5
40 102.5
41 113.5
42 108
43 123.5
44 123.5
45 137.5
46 137
47 141
48 147.5
49 147.5
50 152
51 149.5
52 152.5
53 148.5
54 153
55 142.5
56 148.5
57 136
58 127
59 121
60 126.5
61 125
62 120.5
63 121
64 107
65 110.5
66 105
67 101
68 105
69 95.5
70 109.5
71 97
72 92.5
73 88
74 76.5
75 73.5
76 67
77 52
78 37
79 36.5
80 24.5
81 17
82 12.5
83 12.5
84 9.5
85 19
86 29.5
87 35
88 37
89 38.5
90 43
91 41
92 38
93 38
94 34
95 32
96 32
97 30
98 24
99 28
100 18
101 24
102 18
103 15
104 18
105 9
106 15
107 6
108 7
109 5
110 2
111 1
112 0
#############################



### angle = 54
-112 0
-111 0
-110 0
-109 0
-108 0
-107 1
-106 2
-105 2
-104 3.5
-103 4
-102 4.5
-101 9
-100 15.5
-99 28
-98 25
-97 31
-96 33
-95 31
-94 37
-93 34
-92 37
-91 38
-90 38
-89 48.5
-88 48
-87 52
-86 54
-85 56
-84 58
-83 60
-82 63
-81 64
-80 65.5
-79 61
-78 66.5
-77 65.5
-76 61
-75 63
-74 58
-73 61
-72 55.5
-71 54
-70 60.5
-69 61
-68 71
-67 73
-66 77
-65 84
-64 83.5
-63 80.5
-62 74
-61 80
-60 66
-59 74
-58 71
-57 73.5
-56 86
-55 82
-54 95
-53 97
-52 102
-51 108.5
-50 100.5
-49 111
-48 107
-47 112
-46 116
-45 118
-44 129
-43 123.5
-42 130
-41 127.5
-40 123
-39 124
-38 118.5
-37 111
-36 105.5
-35 102.5
-34 95
-33 97.5
-32 94.5
-31 92
-30 95
-29 85.5
-28 87.5
-27 81.5
-26 78.5
-25 87.5
-24 78
-23 78.5
-22 73.5
-21 67.5
-20 69.5
-19 63
-18 58.5
-17 59.5
-16 54
-15 61
-14 60.5
-13 64
-12 67.5
-11 64.5
-10 67.5
-9 71.5
-8 68.5
-7 73.5
-6 76
-5 76
-4 76
-3 75
-2 79
-1 76
0 79
1 79
2 83
3 93.5
4 95
5 112
6 122
7 127.5
8 139
9 139.5
10 140.5
11 141
12 139
13 146.5
14 141
15 130.5
16 121.5
17 119.5
18 119.5
19 117.5
20 121
21 119
22 120.5
23 119.5
24 110.5
25 116
26 114.5
27 106
28 95
29 94.5
30 96.5
31 96.5
32 99.5
33 102.5
34 101
35 98
36 98
37 99.5
38 98
39 95
40 97.5
41 96.5
42 99
43 103.5
44 103.5
45 105
46 104.5
47 107
48 102.5
49 97.5
50 88
51 77.5
52 76.5
53 76
54 79
55 82
56 91
57 93.5
58 92.5
59 92
60 90
61 84
62 81.5
63 80
64 80
65 76.5
66 73
67 68.5
68 65.5
69 63
70 59
71 57.5
72 58
73 65
74 68
75 64
76 63
77 60
78 55
79 52
80 48.5
81 44
82 40.5
83 38.5
84 36.5
85 34
86 33
87 30.5
88 29.5
89 29
90 30
91 29.5
92 26.5
93 24.5
94 23.5
95 20.5
96 19.5
97 16.5
98 14
99 11.5
100 12
101 9
102 6
103 3
104 0
105 0
106 0
107 0
108 0
109 0
110 0
111 0
112 0
#############################



### angle = 58.5
-112 0
-111 0
-110 0
-109 0
-108 0
-107 1
-106 2.5
-105 3.5
-104 4
-103 5.5
-102 7
-101 8.5
-100 11.5
-99 16.5
-98 22
-97 24.5
-96 28.5
-95 36.5
-94 39.5
-93 47.5
-92 47.5
-91 53.5
-90 63.5
-89 59.5
-88 60
-87 67.5
-86 63
-85 75.5
-84 74.5
-83 82
-82 92
-81 91.5
-80 108
-79 102.5
-78 102
-77 111
-76 100.5
-75 100.5
-74 93.5
-73 90
-72 90.5
-71 82
-70 83.5
-69 82.5
-68 66
-67 64.5
-66 61.5
-65 57
-64 60
-63 72
-62 91
-61 94
-60 103
-59 114.5
-58 104
-57 110.5
-56 130
-55 120
-54 136
-53 121.5
-52 120.5
-51 137
-50 125
-49 139
-48 125.5
-47 124
-46 137
-45 124.5
-44 121
-43 131.5
-42 112
-41 120
-40 104
-39 107.5
-38 124
-37 108
-36 118
-35 107.5
-34 111
-33 123
-32 111.5
-31 109.5
-30 116
-29 100.5
-28 104
-27 94.5
-26 92
-25 97.5
-24 86
-23 88
-22 74
-21 69
-20 76.5
-19 69
-18 66
-17 67
-16 59
-15 60
-14 53.5
-13 51
-12 62
-11 64
-10 80.5
-9 79
-8 78.5
-7 96
-6 98
-5 104
-4 119
-3 112.5
-2 125
-1 117.5
0 118.5
1 129
2 123
3 140
4 141.5
5 141
6 153.5
7 143
8 145
9 157
10 149.5
11 172
12 175.5
13 184
14 199
15 176
16 185.5
17 166
18 162.5
19 174
20 155.5
21 152
22 162
23 140
24 152
25 132
26 126.5
27 140
28 123
29 137
30 117
31 114
32 127.5
33 109.5
34 111
35 117
36 103
37 118.5
38 104.5
39 100
40 108
41 92.5
42 96.5
43 82
44 82
45 90
46 71.5
47 65
48 68
49 56.5
50 59.5
51 45
52 41.5
53 42.5
54 31
55 33.5
56 23
57 24
58 30
59 22
60 22
61 16
62 4
63 0
64 0
65 0
66 0
67 0
68 0
69 0
70 0
71 0
72 0
73 0
74 0
75 0
76 0
77 0
78 0
79 0
80 0
81 0
82 0
83 0
84 0
85 0
86 0
87 0
88 0
89 0
90 0
91 0
92 0
93 0
94 0
95 0
96 0
97 0
98 0
99 0
100 0
101 0
102 0
103 0
104 0
105 0
106 0
107 0
108 0
109 0
110 0
111 0
112 0
#############################



### angle = 63
-112 1
-111 2
-110 7
-109 5
-108 8
-107 13
-106 9
-105 19
-104 14
-103 14.5
-102 15
-101 10.5
-100 18
-99 20
-98 19
-97 27
-96 32
-95 33
-94 40
-93 36
-92 42
-91 40
-90 37
-89 42
-88 34
-87 38
-86 33
-85 32
-84 37.5
-83 33.5
-82 40
-81 35
-80 37.5
-79 36.5
-78 34
-77 37.5
-76 33.5
-75 36
-74 31.5
-73 32
-72 32.5
-71 30.5
-70 34
-69 30
-68 32
-67 36.5
-66 44.5
-65 47.5
-64 50.5
-63 53.5
-62 55.5
-61 59.5
-60 61
-59 85
-58 88.5
-57 92.5
-56 96
-55 94.5
-54 95
-53 93
-52 99.5
-51 89
-50 101
-49 91.5
-48 89
-47 83.5
-46 77.5
-45 83
-44 69
-43 75
-42 63
-41 65
-40 62
-39 64.5
-38 62.5
-37 58
-36 66.5
-35 60.5
-34 71
-33 62.5
-32 66
-31 56
-30 54
-29 63.5
-28 57
-27 70.5
-26 63
-25 68.5
-24 68.5
-23 68.5
-22 69.5
-21 70.5
-20 65.5
-19 76
-18 69.5
-17 76.5
-16 76.5
-15 70.5
-14 75.5
-13 63.5
-12 77
-11 61.5
-10 69.5
-9 73
-8 72
-7 93
-6 92.5
-5 105
-4 111
-3 110
-2 114.5
-1 114.5
0 119.5
1 117
2 119.5
3 124.5
4 132
5 137
6 143
7 155.5
8 162
9 167.5
10 177.5
11 174.5
12 180
13 167
14 167
15 156
16 159.5
17 159.5
18 155.5
19 153.5
20 140
21 134.5
22 126
23 130.5
24 117.5
25 125
26 116.5
27 110.5
28 105
29 89.5
30 92.5
31 78.5
32 56
33 41.5
34 38.5
35 38
36 43
37 45
38 54
39 57.5
40 62
41 70
42 81.5
43 95.5
44 104
45 110.5
46 115
47 115
48 114.5
49 115.5
50 115
51 117.5
52 117
53 118
54 119.5
55 124.5
56 120.5
57 115
58 113.5
59 112
60 111.5
61 109
62 111.5
63 112
64 117
65 118
66 124
67 126
68 133.5
69 133.5
70 131.5
71 123
72 114
73 102
74 90
75 83.5
76 83.5
77 83
78 76.5
79 72
80 69
81 66.5
82 64
83 64
84 62.5
85 54
86 46.5
87 36.5
88 29.5
89 21
90 13.5
91 6
92 0
93 0
94 0
95 0
96 0
97 0
98 0
99 0
100 0
101 0
102 0
103 0
104 0
105 0
106 0
107 0
108 0
109 0
110 0
111 0
112 0
#############################



### angle = 67.5
-112 0
-111 0
-110 0
-109 0
-108 0
-107 0
-106 0
-105 0
-104 0
-103 0
-102 0
-101 0
-100 0
-99 0
-98 0
-97 0
-96 0
-95 0
-94 0
-93 0
-92 0
-91 0
-90 0
-89 0
-88 0
-87 0
-86 0
-85 0
-84 0
-83 0
-82 0
-81 0
-80 0
-79 0
-78 0
-77 0
-76 14
-75 37
-74 61
-73 54.5
-72 54.5
-71 58
-70 58.5
-69 61
-68 65.5
-67 67
-66 68
-65 68.5
-64 70
-63 72.5
-62 75
-61 74.5
-60 75
-59 74.5
-58 73.5
-57 72
-56 72
-55 73.5
-54 73
-53 72
-52 71.5
-51 71.5
-50 73
-49 74.5
-48 74
-47 73
-46 74
-45 74.5
-44 73
-43 74
-42 77
-41 82.5
-40 84
-39 84
-38 84
-37 85
-36 88
-35 88.5
-34 92
-33 92
-32 97
-31 98.5
-30 98.5
-29 104
-28 103.5
-27 105
-26 102
-25 102
-24 104
-23 102.5
-22 98
-21 90.5
-20 81.5
-19 83.5
-18 81
-17 75.5
-16 67.5
-15 62.5
-14 59.5
-13 60
-12 56.5
-11 57.5
-10 58.5
-9 60
-8 60.5
-7 59.5
-6 67
-5 80
-4 82.5
-3 83
-2 82
-1 81.5
0 87.5
1 97.5
2 96
3 98.5
4 97.5
5 104.5
6 109
7 115.5
8 115
9 126
10 129
11 134.5
12 144.5
13 149
14 149.5
15 151.5
16 150.5
17 153.5
18 156.5
19 157.5
20 166
21 165
22 173
23 181.5
24 179.5
25 184.5
26 184
27 183
28 173
29 161
30 156
31 149.5
32 149.5
33 142.5
34 141.5
35 142.5
36 138
37 135.5
38 125
39 119
40 100.5
41 88.5
42 86.5
43 78.5
44 76.5
45 74
46 80.5
47 81
48 85
49 88
50 90
51 95.5
52 93.5
53 98
54 99.5
55 105
56 109
57 103
58 104
59 100.5
60 100
61 99
62 102
63 98.5
64 98
65 98.5
66 90.5
67 97.5
68 105.5
69 114.5
70 116
71 107.5
72 92
73 72
74 62.5
75 56
76 58
77 55
78 52
79 52.5
80 49
81 50.5
82 45.5
83 44.5
84 46
85 45
86 44
87 43.5
88 41
89 41.5
90 38
91 35.5
92 34
93 32.5
94 31.5
95 27.5
96 27
97 24
98 24
99 20.5
100 18.5
101 16
102 14.5
103 14
104 9.5
105 10
106 6
107 6
108 4
109 2
110 1.5
111 0.5
112 0
#############################



### angle = 72
-112 0
-111 0
-110 0
-109 0
-108 0
-107 0
-106 0
-105 0
-104 0
-103 0
-102 0
-101 0
-100 2
-99 6
-98 10
-97 15
-96 18
-95 23
-94 27
-93 30
-92 32
-91 33
-90 34.5
-89 37.5
-88 41
-87 43.5
-86 50
-85 58.5
-84 64.5
-83 64.5
-82 61
-81 62
-80 61.5
-79 63
-78 68
-77 66
-76 71
-75 73.5
-74 72
-73 68.5
-72 65.5
-71 64.5
-70 71.5
-69 75
-68 80
-67 84.5
-66 87.5
-65 93.5
-64 95
-63 94.5
-62 95
-61 96
-60 100.5
-59 103
-58 107
-57 111.5
-56 118.5
-55 122
-54 121.5
-53 122
-52 112.5
-51 103.5
-50 103
-49 101
-48 100.5
-47 96
-46 106.5
-45 108
-44 109
-43 119
-42 138.5
-41 138
-40 147.5
-39 153.5
-38 163
-37 167.5
-36 162.5
-35 166.5
-34 169
-33 171
-32 173.5
-31 185
-30 196
-29 202.5
-28 203.5
-27 203
-26 200
-25 200
-24 201.5
-23 196.5
-22 196
-21 187
-20 183
-19 178
-18 175.5
-17 176.5
-16 171
-15 163
-14 159.5
-13 143
-12 133.5
-11 123.5
-10 122
-9 120
-8 118
-7 111.5
-6 114
-5 114.5
-4 118
-3 119
-2 113.5
-1 111
0 108.5
1 101
2 95.5
3 77.5
4 70
5 62.5
6 52.5
7 48
8 44
9 37
10 29.5
11 31
12 30
13 26
14 27
15 22
16 24.5
17 23
18 23.5
19 29.5
20 32.5
21 37
22 37
23 38
24 45
25 57.5
26 65
27 69
28 76
29 74
30 76
31 72.5
32 69.5
33 72
34 66.5
35 65
36 68
37 68.5
38 68.5
39 64
40 59
41 57.5
42 61.5
43 61.5
44 66
45 67.5
46 67
47 68
48 68.5
49 69
50 71
51 69
52 72.5
53 74
54 72
55 73.5
56 68
57 67
58 68.5
59 63.5
60 66.5
61 65
62 61.5
63 62
64 55
65 56.5
66 52.5
67 45
68 44
69 43.5
70 44
71 46.5
72 44
73 44.5
74 41.5
75 40
76 39.5
77 39
78 39.5
79 39
80 36.5
81 36
82 32
83 26.5
84 25.5
85 22
86 25
87 25
88 28
89 30
90 25
91 23
92 20.5
93 14
94 14.5
95 12
96 8
97 7
98 3
99 0
100 0
101 0
102 0
103 0
104 0
105 0
106 0
107 0
108 0
109 0
110 0
111 0
112 0
#############################



### angle = 76.5
-112 0
-111 0
-110 0
-109 0
-108 0
-107 0
-106 0
-105 0
-104 0
-103 0
-102 0
-101 0
-100 0
-99 0
-98 0
-97 0
-96 3
-95 7.5
-94 13
-93 20
-92 25
-91 31
-90 36
-89 39
-88 42.5
-87 43.5
-86 47
-85 52
-84 57
-83 62
-82 63.5
-81 63.5
-80 55.5
-79 54
-78 53.5
-77 50.5
-76 52
-75 60
-74 63
-73 72
-72 78.5
-71 77.5
-70 80.5
-69 80.5
-68 90
-67 99
-66 101
-65 106.5
-64 113.5
-63 109
-62 109
-61 108.5
-60 109
-59 102
-58 106.5
-57 107.5
-56 109.5
-55 114.5
-54 105
-53 101
-52 105.5
-51 107
-50 117.5
-49 120.5
-48 130
-47 138.5
-46 138
-45 130
-44 138
-43 140
-42 136
-41 135.5
-40 129.5
-39 134.5
-38 115.5
-37 99
-36 101
-35 104.5
-34 99
-33 97
-32 104
-31 108.5
-30 106.5
-29 102
-28 124
-27 135
-26 132
-25 127
-24 138
-23 154.5
-22 155
-21 159.5
-20 153
-19 162.5
-18 158
-17 157.5
-16 153.5
-15 158
-14 160
-13 150
-12 156.5
-11 153.5
-10 157.5
-9 146.5
-8 147.5
-7 136.5
-6 127.5
-5 112
-4 103
-3 102.5
-2 104.5
-1 98.5
0 94.5
1 101.5
2 93.5
3 94.5
4 87.5
5 91
6 79
7 74.5
8 65
9 65.5
10 53.5
11 38
12 35
13 41
14 44.5
15 36.5
16 36
17 42.5
18 51.5
19 45
20 42.5
21 47.5
22 55.5
23 52.5
24 46.5
25 49.5
26 59
27 69.5
28 63
29 67.5
30 66.5
31 79
32 77.5
33 77
34 68
35 78
36 70.5
37 69
38 58.5
39 63
40 66
41 67
42 67
43 74
44 83
45 84.5
46 83.5
47 85
48 85.5
49 81
50 82
51 83.5
52 86
53 87
54 85
55 86
56 87.5
57 84
58 84.5
59 81.5
60 79
61 68
62 67
63 67
64 67.5
65 61.5
66 64.5
67 61
68 64
69 58.5
70 67.5
71 68.5
72 66
73 60.5
74 65.5
75 65.5
76 66
77 57
78 63
79 61
80 59
81 49
82 48
83 52
84 50
85 41
86 37
87 40
88 40.5
89 24.5
90 17
91 13
92 15.5
93 10
94 8.5
95 8
96 7.5
97 7.5
98 4
99 3
100 2
101 0
102 0
103 0
104 0
105 0
106 0
107 0
108 0
109 0
110 0
111 0
112 0
#############################



### angle = 81
-112 0
-111 0
-110 0
-109 0
-108 0
-107 0
-106 0
-105 0
-104 0
-103 0
-102 0
-101 0
-100 0
-99 0
-98 0
-97 0
-96 0
-95 0
-94 0
-93 0
-92 0
-91 0
-90 0
-89 0
-88 0
-87 0
-86 0
-85 0
-84 0
-83 0
-82 0
-81 0
-80 0
-79 0
-78 0
-77 0
-76 0
-75 0
-74 0
-73 0
-72 0
-71 6
-70 27
-69 33.5
-68 36
-67 37
-66 46.5
-65 56
-64 66.5
-63 67.5
-62 68.5
-61 68
-60 65
-59 63.5
-58 61.5
-57 62
-56 63
-55 65.5
-54 72
-53 74
-52 73
-51 73
-50 73.5
-49 73
-48 73.5
-47 74.5
-46 75
-45 75.5
-44 76.5
-43 69.5
-42 73.5
-41 74.5
-40 73
-39 77.5
-38 80
-37 84
-36 86
-35 87.5
-34 90
-33 94
-32 98
-31 103
-30 102
-29 105
-28 102.5
-27 100.5
-26 100.5
-25 100
-24 99.5
-23 99
-22 102
-21 102
-20 102.5
-19 104.5
-18 100
-17 93.5
-16 91.5
-15 98
-14 95
-13 93.5
-12 90.5
-11 84
-10 82
-9 90.5
-8 93.5
-7 95
-6 95.5
-5 94
-4 93
-3 92
-2 90.5
-1 89.5
0 89.5
1 83.5
2 83.5
3 88.5
4 92
5 91.5
6 98
7 93.5
8 96.5
9 97
10 93.5
11 92.5
12 100.5
13 100.5
14 103
15 111.5
16 107
17 114.5
18 117.5
19 134.5
20 142.5
21 148
22 147
23 147.5
24 152.5
25 154
26 164
27 174
28 176.5
29 175
30 165.5
31 162.5
32 162.5
33 158.5
34 149.5
35 140
36 131.5
37 131.5
38 132
39 131.5
40 129.5
41 127.5
42 130.5
43 129
44 127.5
45 131.5
46 137.5
47 141.5
48 141.5
49 143
50 138.5
51 145.5
52 142.5
53 141
54 140.5
55 136.5
56 134.5
57 124.5
58 128.5
59 124.5
60 125.5
61 120.5
62 116.5
63 111
64 105
65 106.5
66 103
67 101
68 102.5
69 101
70 93.5
71 92
72 86.5
73 87.5
74 84
75 61
76 49.5
77 31.5
78 25
79 18
80 11
81 7.5
82 6.5
83 6.5
84 14.5
85 16.5
86 26
87 38
88 42.5
89 42
90 41
91 40
92 40
93 37
94 36
95 33
96 32
97 29
98 27
99 25
100 23
101 22
102 19
103 17
104 15
105 13
106 11
107 8
108 8
109 5
110 2
111 1
112 0
#############################



### angle = 85.5
-112 0
-111 0
-110 0
-109 0
-108 1
-107 1
-106 4
-105 2.5
-104 4
-103 4.5
-102 6
-101 10.5
-100 19
-99 27
-98 28
-97 27
-96 33
-95 30
-94 32
-93 34
-92 33
-91 41.5
-90 43
-89 47
-88 50
-87 49
-86 53
-85 55
-84 56
-83 60
-82 60
-81 64
-80 64
-79 66
-78 70
-77 64
-76 59.5
-75 59.5
-74 61
-73 60
-72 65.5
-71 64.5
-70 68
-69 62.5
-68 63.5
-67 62
-66 63
-65 66
-64 70
-63 69
-62 62
-61 61.5
-60 64.5
-59 69
-58 74.5
-57 80
-56 82
-55 85.5
-54 90
-53 95.5
-52 98.5
-51 101
-50 107
-49 107.5
-48 108
-47 112.5
-46 115.5
-45 114.5
-44 116
-43 113
-42 117
-41 112.5
-40 112
-39 111
-38 111.5
-37 109.5
-36 97.5
-35 94
-34 89
-33 86.5
-32 88
-31 83
-30 82
-29 80
-28 76.5
-27 78
-26 70
-25 72.5
-24 72.5
-23 76
-22 77
-21 77.5
-20 78
-19 73.5
-18 74
-17 70.5
-16 69
-15 58
-14 60
-13 56
-12 54.5
-11 59.5
-10 56.5
-9 63
-8 69.5
-7 69.5
-6 82
-5 82.5
-4 82
-3 84
-2 81.5
-1 85
0 85
1 79.5
2 80.5
3 79.5
4 82.5
5 85
6 86
7 95
8 104
9 122
10 138
11 150.5
12 155.5
13 152
14 156
15 156
16 154
17 151.5
18 143.5
19 139.5
20 137.5
21 130
22 128.5
23 128.5
24 118.5
25 116.5
26 115
27 117.5
28 116
29 112.5
30 116
31 102.5
32 100
33 101.5
34 99
35 101
36 99
37 101.5
38 102.5
39 100.5
40 101.5
41 101
42 100.5
43 98.5
44 93.5
45 92.5
46 86
47 76
48 73
49 72
50 70.5
51 70.5
52 71
53 72.5
54 74
55 75.5
56 79
57 93
58 107
59 110.5
60 111.5
61 110
62 108
63 108
64 111
65 104.5
66 97
67 92.5
68 88
69 80
70 76.5
71 74
72 67
73 61
74 58
75 65
76 66.5
77 67.5
78 64
79 56.5
80 53.5
81 47
82 43
83 39
84 33.5
85 32
86 29.5
87 29
88 27.5
89 26.5
90 25
91 24
92 23.5
93 22.5
94 18.5
95 15.5
96 13
97 13
98 8
99 4
100 0
101 0
102 0
103 0
104 0
105 0
106 0
107 0
108 0
109 0
110 0
111 0
112 0
#############################



### angle = 90
-112 0
-111 0
-110 0
-109 0
-108 0
-107 0
-106 0
-105 0
-104 2
-103 5
-102 8
-101 11
-100 22
-99 18.5
-98 22
-97 25
-96 45
-95 34.5
-94 37.5
-93 41
-92 69
-91 51
-90 51.5
-89 53
-88 76.5
-87 55.5
-86 57.5
-85 60
-84 75
-83 101.5
-82 75.5
-81 75
-80 80.5
-79 128
-78 88.5
-77 86.5
-76 81
-75 115.5
-74 75.5
-73 72
-72 70
-71 91
-70 78.5
-69 62.5
-68 64.5
-67 77
-66 87.5
-65 81
-64 83.5
-63 89
-62 142.5
-61 103
-60 105.5
-59 109.5
-58 166.5
-57 115
-56 117
-55 114.5
-54 154
-53 126
-52 109.5
-51 114.5
-50 143
-49 150
-48 118.5
-47 120
-46 135
-45 176.5
-44 125.5
-43 115.5
-42 114
-41 149.5
-40 98
-39 96
-38 96.5
-37 124.5
-36 99
-35 85
-34 84.5
-33 112.5
-32 112.5
-31 90.5
-30 87
-29 101.5
-28 111
-27 83
-26 80.5
-25 83.5
-24 115.5
-23 77
-22 73
-21 71
-20 104.5
-19 70.5
-18 67.5
-17 69
-16 86.5
-15 88.5
-14 74
-13 73.5
-12 90
-11 84.5
-10 65
-9 60
-8 63
-7 84
-6 69.5
-5 75
-4 81
-3 129.5
-2 91.5
-1 93
0 95
1 148.5
2 105.5
3 108.5
4 117
5 175.5
6 148.5
7 139
8 143
9 177.5
10 197.5
11 158
12 160
13 167.5
14 222.5
15 150.5
16 150.5
17 149.5
18 228
19 151.5
20 150.5
21 153.5
22 209
23 167
24 145
25 141.5
26 175.5
27 171
28 137.5
29 138
30 147.5
31 165
32 113
33 106
34 102.5
35 149
36 96.5
37 92
38 89
39 119.5
40 85
41 76
42 73.5
43 80.5
44 94
45 65.5
46 62
47 60
48 86
49 51.5
50 47
51 41
52 56
53 35.5
54 33.5
55 29.5
56 36
57 19.5
58 16
59 3
60 0
61 0
62 0
63 0
64 0
65 0
66 0
67 0
68 0
69 0
70 0
71 0
72 0
73 0
74 0
75 0
76 0
77 0
78 0
79 0
80 0
81 0
82 0
83 0
84 0
85 0
86 0
87 0
88 0
89 0
90 0
91 0
92 0
93 0
94 0
95 0
96 0
97 0
98 0
99 0
100 0
101 0
102 0
103 0
104 0
105 0
106 0
107 0
108 0
109 0
110 0
111 0
112 0
#############################



### angle = 94.5
-112 1
-111 3
-110 5
-109 7
-108 9
-107 11
-106 15
-105 14
-104 14
-103 13.5
-102 12.5
-101 16.5
-100 16.5
-99 20.5
-98 22.5
-97 27
-96 36
-95 35
-94 37
-93 38
-92 37
-91 39
-90 35.5
-89 39.5
-88 35.5
-87 36
-86 36.5
-85 33.5
-84 36
-83 36.5
-82 35.5
-81 39.5
-80 36
-79 38
-78 38.5
-77 34.5
-76 40
-75 33
-74 37.5
-73 35
-72 34
-71 39
-70 36
-69 37
-68 36
-67 38.5
-66 38
-65 39
-64 46.5
-63 58
-62 72.5
-61 78
-60 81
-59 77.5
-58 86
-57 94.5
-56 88
-55 94.5
-54 89
-53 83.5
-52 81.5
-51 78.5
-50 81
-49 74.5
-48 71
-47 69.5
-46 69.5
-45 72
-44 74.5
-43 79
-42 82
-41 84.5
-40 92.5
-39 97.5
-38 93.5
-37 92
-36 88.5
-35 83.5
-34 86
-33 80
-32 77
-31 70
-30 66.5
-29 71
-28 69.5
-27 75
-26 76
-25 79
-24 79
-23 80.5
-22 82
-21 82
-20 77.5
-19 74
-18 70.5
-17 72.5
-16 72
-15 67.5
-14 71
-13 69.5
-12 75.5
-11 87.5
-10 87
-9 96
-8 98
-7 106.5
-6 117.5
-5 117
-4 115
-3 118.5
-2 115.5
-1 118
0 115
1 118
2 113.5
3 111
4 116
5 124
6 132.5
7 133
8 143.5
9 141.5
10 138
11 145.5
12 149
13 153.5
14 149.5
15 145.5
16 144
17 141.5
18 131
19 128
20 120.5
21 115.5
22 114.5
23 109
24 104.5
25 91
26 83
27 78
28 75
29 71.5
30 67.5
31 63
32 63
33 65.5
34 67.5
35 72
36 66.5
37 67
38 63
39 72.5
40 76
41 82
42 89
43 91
44 98
45 99.5
46 108.5
47 117.5
48 119
49 122.5
50 124.5
51 124.5
52 125
53 126
54 128.5
55 129
56 128.5
57 126.5
58 125.5
59 124.5
60 120.5
61 123
62 122
63 120
64 120
65 115
66 106.5
67 102.5
68 98
69 95.5
70 96.5
71 93.5
72 95.5
73 88.5
74 81
75 77
76 71.5
77 65
78 62
79 58.5
80 59.5
81 59
82 65.5
83 62
84 60
85 58
86 54
87 50
88 46
89 38.5
90 30.5
91 24.5
92 17.5
93 12.5
94 6
95 2
96 0
97 0
98 0
99 0
100 0
101 0
102 0
103 0
104 0
105 0
106 0
107 0
108 0
109 0
110 0
111 0
112 0
#############################



### angle = 99
-112 0
-111 0
-110 0
-109 0
-108 0
-107 0
-106 0
-105 0
-104 0
-103 0
-102 0
-101 0
-100 0
-99 0
-98 0
-97 0
-96 0
-95 0
-94 0
-93 0
-92 0
-91 0
-90 0
-89 0
-88 0
-87 0
-86 0
-85 0
-84 0
-83 0
-82 0
-81 0
-80 0
-79 0
-78 0
-77 0
-76 0
-75 0
-74 0
-73 0
-72 24
-71 44.5
-70 58.5
-69 60
-68 63
-67 62.5
-66 64
-65 66
-64 64.5
-63 65
-62 68.5
-61 68
-60 68.5
-59 69
-58 71
-57 70.5
-56 71
-55 72.5
-54 72
-53 73.5
-52 72.5
-51 73.5
-50 77.5
-49 77
-48 76
-47 78
-46 76.5
-45 75
-44 74
-43 72.5
-42 69
-41 72.5
-40 74.5
-39 84.5
-38 88
-37 93.5
-36 95.5
-35 97.5
-34 102
-33 100.5
-32 105
-31 107
-30 107
-29 110.5
-28 112
-27 113
-26 116
-25 123
-24 124.5
-23 121
-22 122.5
-21 114.5
-20 105
-19 95
-18 89
-17 84.5
-16 82.5
-15 77.5
-14 78.5
-13 76.5
-12 82
-11 81.5
-10 76.5
-9 73.5
-8 71
-7 63.5
-6 62
-5 56
-4 54.5
-3 60
-2 64
-1 65.5
0 73
1 91
2 103.5
3 116.5
4 114.5
5 120
6 118.5
7 122
8 132.5
9 139
10 140
11 147
12 147.5
13 151
14 155
15 158.5
16 157.5
17 158
18 159.5
19 162
20 161.5
21 161
22 166
23 168
24 165
25 160
26 154.5
27 151.5
28 151.5
29 152.5
30 151.5
31 147.5
32 129.5
33 114.5
34 111.5
35 107.5
36 109
37 108.5
38 113.5
39 105.5
40 103.5
41 104
42 102
43 100.5
44 98.5
45 94.5
46 89.5
47 80.5
48 81
49 82
50 86.5
51 87
52 96
53 90.5
54 99
55 95.5
56 96
57 91
58 91.5
59 92
60 92.5
61 88
62 82
63 88
64 88.5
65 88.5
66 87.5
67 99
68 109
69 110.5
70 120.5
71 122.5
72 122
73 128.5
74 114
75 92.5
76 78
77 54.5
78 51
79 51.5
80 52.5
81 53
82 53
83 47.5
84 46.5
85 46.5
86 43
87 44
88 40
89 38.5
90 37
91 33.5
92 33
93 31.5
94 30
95 27.5
96 26.5
97 23.5
98 22.5
99 20.5
100 18
101 17
102 14
103 13.5
104 12
105 8.5
106 8
107 5
108 5
109 3
110 2
111 1.5
112 0
#############################



### angle = 103.5
-112 0
-111 0
-110 0
-109 0
-108 0
-107 0
-106 0
-105 0
-104 0
-103 0
-102 0
-101 0
-100 0
-99 0
-98 0
-97 0
-96 0
-95 6
-94 11
-93 18
-92 23
-91 29
-90 32
-89 32
-88 37
-87 41.5
-86 47
-85 55.5
-84 66.5
-83 72.5
-82 75.5
-81 77.5
-80 76.5
-79 79
-78 84
-77 82
-76 81
-75 85
-74 88
-73 94
-72 92
-71 93
-70 95.5
-69 99
-68 96.5
-67 97
-66 98
-65 99
-64 99.5
-63 102
-62 102
-61 105
-60 103.5
-59 101.5
-58 102
-57 99.5
-56 100
-55 102.5
-54 101.5
-53 105
-52 105
-51 96.5
-50 97
-49 89
-48 82
-47 80
-46 89
-45 93
-44 112.5
-43 113.5
-42 120
-41 115
-40 115.5
-39 127
-38 138
-37 140.5
-36 146
-35 157
-34 158.5
-33 165
-32 164
-31 169.5
-30 167.5
-29 172
-28 178
-27 196
-26 188
-25 184
-24 182
-23 188.5
-22 184.5
-21 180
-20 180.5
-19 185
-18 174.5
-17 174
-16 172.5
-15 178
-14 177
-13 169.5
-12 163
-11 157.5
-10 157
-9 152.5
-8 148
-7 148
-6 142
-5 124.5
-4 124.5
-3 123.5
-2 123
-1 119.5
0 121.5
1 121
2 114.5
3 99.5
4 79.5
5 78.5
6 66
7 53.5
8 41.5
9 30.5
10 18.5
11 10.5
12 12.5
13 14.5
14 19.5
15 15
16 14.5
17 13.5
18 17
19 19.5
20 17
21 20
22 28
23 40
24 31.5
25 33.5
26 46
27 60
28 63
29 57.5
30 66
31 69.5
32 69
33 69
34 71.5
35 72.5
36 72.5
37 67
38 65.5
39 70.5
40 75
41 80.5
42 79.5
43 79
44 75
45 73
46 71.5
47 69.5
48 73
49 71.5
50 70.5
51 66.5
52 73.5
53 73
54 74
55 70
56 75.5
57 73.5
58 68
59 62.5
60 62.5
61 60
62 56
63 57.5
64 50
65 53
66 45.5
67 49
68 41.5
69 42
70 39.5
71 43.5
72 36.5
73 34.5
74 32.5
75 43
76 42
77 36.5
78 36.5
79 44.5
80 45.5
81 36
82 33.5
83 37
84 41
85 34
86 30
87 28
88 30
89 21.5
90 21
91 20.5
92 27.5
93 26.5
94 20
95 16.5
96 14.5
97 19
98 11
99 9
100 7
101 7
102 2
103 0
104 0
105 0
106 0
107 0
108 0
109 0
110 0
111 0
112 0
#############################



### angle = 108
-112 0
-111 0
-110 0
-109 0
-108 0
-107 0
-106 0
-105 0
-104 0
-103 0
-102 0
-101 1
-100 3
-99 6.5
-98 10
-97 14.5
-96 18
-95 22.5
-94 26
-93 29
-92 33
-91 38
-90 40
-89 41.5
-88 41.5
-87 41.5
-86 44.5
-85 48
-84 51.5
-83 56
-82 59
-81 60.5
-80 61.5
-79 57
-78 53
-77 53.5
-76 50.5
-75 51.5
-74 52.5
-73 49
-72 55
-71 62.5
-70 68
-69 70.5
-68 79
-67 84.5
-66 86
-65 92
-64 90.5
-63 94
-62 97
-61 107.5
-60 106.5
-59 109
-58 103.5
-57 105.5
-56 109.5
-55 112.5
-54 118
-53 132
-52 139
-51 132
-50 136.5
-49 132
-48 140.5
-47 139
-46 142.5
-45 135
-44 136
-43 130.5
-42 131.5
-41 136.5
-40 137
-39 139.5
-38 143.5
-37 141
-36 137.5
-35 134
-34 129.5
-33 120
-32 109.5
-31 100
-30 103
-29 111.5
-28 121.5
-27 132.5
-26 137.5
-25 145.5
-24 145.5
-23 147
-22 147.5
-21 147.5
-20 142
-19 143
-18 142
-17 141.5
-16 148
-15 146.5
-14 151.5
-13 151
-12 146.5
-11 147.5
-10 143.5
-9 142.5
-8 140
-7 130
-6 122.5
-5 111
-4 107
-3 106
-2 98.5
-1 99.5
0 100
1 100.5
2 100.5
3 96.5
4 93.5
5 91
6 85.5
7 82
8 81.5
9 67
10 59.5
11 56
12 51
13 47.5
14 45
15 42.5
16 41.5
17 40
18 43.5
19 45
20 43
21 47
22 42.5
23 47
24 56.5
25 55
26 61
27 58.5
28 58.5
29 64.5
30 64.5
31 63.5
32 61
33 58.5
34 61.5
35 60
36 62
37 66
38 70
39 77.5
40 82
41 79
42 82
43 81.5
44 82.5
45 82.5
46 83.5
47 82.5
48 79.5
49 80.5
50 81.5
51 86.5
52 91
53 91
54 89
55 86
56 80
57 79.5
58 75.5
59 74
60 67.5
61 66
62 71
63 64.5
64 65.5
65 66
66 65.5
67 68.5
68 70.5
69 68.5
70 67.5
71 65.5
72 65
73 63.5
74 65.5
75 60.5
76 63
77 63
78 58
79 58
80 54
81 50
82 48
83 45
84 42.5
85 33
86 30
87 22.5
88 16.5
89 12
90 10
91 9.5
92 10.5
93 7
94 7.5
95 5
96 2
97 1
98 0
99 0
100 0
101 0
102 0
103 0
104 0
105 0
106 0
107 0
108 0
109 0
110 0
111 0
112 0
#############################



### angle = 112.5
-112 0
-111 0
-110 0
-109 0
-108 0
-107 0
-106 0
-105 0
-104 0
-103 0
-102 0
-101 0
-100 0
-99 0
-98 0
-97 0
-96 0
-95 0
-94 0
-93 0
-92 0
-91 0
-90 0
-89 0
-88 0
-87 0
-86 0
-85 0
-84 0
-83 0
-82 0
-81 0
-80 0
-79 0
-78 0
-77 4
-76 23
-75 30
-74 30.5
-73 31
-72 32
-71 33.5
-70 36.5
-69 39.5
-68 42.5
-67 45
-66 57.5
-65 58
-64 58
-63 60
-62 62
-61 69.5
-60 71
-59 71.5
-58 72
-57 72
-56 73
-55 74
-54 73.5
-53 73
-52 73.5
-51 73.5
-50 74
-49 75.5
-48 73
-47 72.5
-46 74
-45 76
-44 75
-43 65.5
-42 64.5
-41 63.5
-40 63
-39 62.5
-38 63
-37 63
-36 67
-35 66.5
-34 72.5
-33 75
-32 80.5
-31 87.5
-30 87.5
-29 89
-28 91
-27 93
-26 93
-25 95
-24 95
-23 99
-22 95.5
-21 90.5
-20 93
-19 92.5
-18 92.5
-17 95.5
-16 95
-15 86.5
-14 85
-13 86.5
-12 83.5
-11 87
-10 75.5
-9 82
-8 78.5
-7 81
-6 81
-5 76.5
-4 84.5
-3 83
-2 84.5
-1 80
0 73.5
1 68.5
2 74
3 80.5
4 88.5
5 90.5
6 90.5
7 93
8 90.5
9 89.5
10 89
11 90
12 95
13 103
14 107.5
15 121.5
16 121
17 126.5
18 132
19 138.5
20 149
21 151
22 155.5
23 162.5
24 165
25 180.5
26 192
27 191.5
28 189
29 184.5
30 187
31 174.5
32 171
33 169.5
34 174.5
35 175
36 165
37 158
38 150
39 145.5
40 145
41 144.5
42 144.5
43 146
44 151
45 147
46 141
47 142.5
48 149.5
49 146
50 138.5
51 139
52 133.5
53 128
54 123
55 121.5
56 121.5
57 121.5
58 122.5
59 117.5
60 115.5
61 105.5
62 102.5
63 98
64 102.5
65 102.5
66 102.5
67 103.5
68 102.5
69 98.5
70 93.5
71 79
72 62.5
73 55
74 46
75 42.5
76 37.5
77 32.5
78 27
79 22
80 21
81 16.5
82 15
83 10
84 15
85 20.5
86 39
87 43
88 42
89 42
90 39
91 39
92 38
93 37
94 37
95 33
96 31
97 29
98 27
99 25
100 24
101 19
102 19
103 17
104 13
105 13
106 8
107 9
108 6
109 3
110 1
111 0
112 0
#############################



### angle = 117
-112 0
-111 0
-110 0
-109 0
-108 1
-107 3
-106 2
-105 3.5
-104 5
-103 3.5
-102 8.5
-101 7
-100 16
-99 24
-98 27
-97 27
-96 29
-95 29
-94 30
-93 30
-92 39.5
-91 41
-90 42
-89 49
-88 43
-87 52
-86 50
-85 54
-84 56
-83 57
-82 59
-81 63
-80 62
-79 65
-78 69
-77 66
-76 67
-75 63
-74 60.5
-73 62.5
-72 66
-71 62.5
-70 68.5
-69 61
-68 62.5
-67 62.5
-66 58.5
-65 65.5
-64 54.5
-63 60
-62 58
-61 66.5
-60 72.5
-59 65
-58 83
-57 67.5
-56 86
-55 80.5
-54 82.5
-53 93.5
-52 87
-51 96
-50 96.5
-49 100.5
-48 109.5
-47 104.5
-46 112
-45 110.5
-44 106.5
-43 114
-42 101.5
-41 112.5
-40 106
-39 107.5
-38 108
-37 98
-36 95.5
-35 77
-34 80
-33 72.5
-32 74.5
-31 77.5
-30 75
-29 76
-28 70.5
-27 73.5
-26 67.5
-25 69
-24 64
-23 64.5
-22 63.5
-21 66
-20 64.5
-19 68
-18 67
-17 66.5
-16 66
-15 65
-14 67.5
-13 64.5
-12 65.5
-11 62
-10 61
-9 59.5
-8 63.5
-7 61
-6 67
-5 71
-4 81
-3 81
-2 86.5
-1 91
0 102
1 92
2 99.5
3 95.5
4 106
5 111.5
6 115
7 122
8 117.5
9 117.5
10 116
11 115
12 121
13 118
14 127.5
15 147.5
16 150
17 161
18 152
19 161
20 156
21 153.5
22 157
23 139.5
24 132.5
25 127
26 123
27 120.5
28 113.5
29 115
30 120
31 114.5
32 120
33 114.5
34 118
35 110.5
36 101.5
37 103.5
38 110
39 103.5
40 101.5
41 94.5
42 88
43 81
44 73
45 73
46 76
47 69.5
48 68
49 65.5
50 64.5
51 65.5
52 67.5
53 70.5
54 74.5
55 81
56 86.5
57 99
58 105
59 118
60 118.5
61 116.5
62 113
63 109.5
64 114
65 114.5
66 112
67 109
68 105.5
69 101.5
70 100
71 98.5
72 91.5
73 81
74 76.5
75 71.5
76 72.5
77 66.5
78 64
79 61
80 59
81 53.5
82 45
83 40.5
84 34
85 30.5
86 26
87 24.5
88 23
89 23
90 24.5
91 21.5
92 17
93 12
94 9
95 3
96 0
97 0
98 0
99 0
100 0
101 0
102 0
103 0
104 0
105 0
106 0
107 0
108 0
109 0
110 0
111 0
112 0
#############################



### angle = 121.5
-112 0
-111 0
-110 0
-109 0
-108 0
-107 1
-106 3
-105 6
-104 7
-103 10
-102 13
-101 15
-100 17
-99 21.5
-98 25.5
-97 29
-96 31.5
-95 37.5
-94 39.5
-93 46
-92 48
-91 50.5
-90 54
-89 50.5
-88 53
-87 60
-86 57.5
-85 71
-84 61
-83 65
-82 77
-81 72.5
-80 81
-79 78.5
-78 81
-77 90.5
-76 80.5
-75 84.5
-74 70.5
-73 64
-72 76
-71 68
-70 74.5
-69 94
-68 89
-67 101
-66 99
-65 101
-64 108.5
-63 99
-62 119
-61 123
-60 129.5
-59 141.5
-58 135
-57 137.5
-56 150
-55 135.5
-54 140
-53 124.5
-52 124
-51 132
-50 127
-49 137
-48 128
-47 130
-46 142
-45 128.5
-44 128.5
-43 136.5
-42 119
-41 131
-40 121
-39 117.5
-38 113
-37 99
-36 92.5
-35 80.5
-34 81.5
-33 83
-32 73
-31 67.5
-30 70
-29 67
-28 84.5
-27 84
-26 84.5
-25 101.5
-24 94.5
-23 104.5
-22 96.5
-21 97.5
-20 117.5
-19 111.5
-18 109.5
-17 115
-16 109.5
-15 113.5
-14 103.5
-13 95
-12 98
-11 88.5
-10 89.5
-9 77
-8 71.5
-7 66
-6 60
-5 59
-4 65
-3 70.5
-2 83
-1 85
0 92.5
1 103
2 102
3 115
4 104.5
5 107
6 127
7 125.5
8 134
9 161.5
10 154.5
11 181
12 169
13 173.5
14 190.5
15 174.5
16 189
17 172
18 171
19 186
20 174.5
21 173.5
22 185.5
23 167
24 178
25 153
26 140.5
27 135.5
28 119.5
29 133
30 122
31 121
32 132
33 117.5
34 115.5
35 127
36 114
37 123.5
38 109
39 104
40 111
41 91.5
42 97.5
43 77
44 74
45 73.5
46 62.5
47 56.5
48 62
49 58
50 61
51 52
52 49.5
53 48.5
54 38.5
55 33
56 13.5
57 9.5
58 8.5
59 3.5
60 2
61 0
62 0
63 0
64 0
65 0
66 0
67 0
68 0
69 0
70 0
71 0
72 0
73 0
74 0
75 0
76 0
77 0
78 0
79 0
80 0
81 0
82 0
83 0
84 0
85 0
86 0
87 0
88 0
89 0
90 0
91 0
92 0
93 0
94 0
95 0
96 0
97 0
98 0
99 0
100 0
101 0
102 0
103 0
104 0
105 0
106 0
107 0
108 0
109 0
110 0
111 0
112 0
#############################



### angle = 126
-112 0
-111 2
-110 3
-109 7
-108 7
-107 11
-106 14
-105 12
-104 15
-103 12
-102 13.5
-101 16.5
-100 16.5
-99 21.5
-98 21
-97 28.5
-96 33.5
-95 34
-94 38
-93 33
-92 35.5
-91 37
-90 33.5
-89 38
-88 35
-87 36
-86 40
-85 35
-84 40
-83 35
-82 36.5
-81 39
-80 35.5
-79 41.5
-78 40.5
-77 39.5
-76 41.5
-75 38
-74 44.5
-73 42
-72 39.5
-71 46.5
-70 41.5
-69 46.5
-68 43
-67 40.5
-66 50
-65 50.5
-64 56
-63 54
-62 60
-61 72
-60 77
-59 77.5
-58 76.5
-57 83.5
-56 79
-55 80.5
-54 71.5
-53 78.5
-52 74.5
-51 73
-50 72
-49 74
-48 71.5
-47 79.5
-46 83.5
-45 91
-44 103.5
-43 95.5
-42 105
-41 102
-40 103
-39 110
-38 108
-37 110.5
-36 108.5
-35 108
-34 103.5
-33 97.5
-32 93
-31 85.5
-30 85.5
-29 76
-28 76.5
-27 77.5
-26 76.5
-25 83
-24 75.5
-23 73.5
-22 74
-21 71
-20 70.5
-19 66
-18 72.5
-17 75
-16 79.5
-15 89
-14 91
-13 97.5
-12 107
-11 112.5
-10 111
-9 120
-8 111
-7 116.5
-6 120.5
-5 110.5
-4 117.5
-3 108.5
-2 110.5
-1 109
0 102
1 111
2 109.5
3 112
4 124.5
5 120
6 122.5
7 121
8 125
9 132.5
10 119.5
11 124.5
12 115
13 121
14 116
15 112.5
16 112.5
17 100
18 99.5
19 92
20 88
21 91.5
22 83.5
23 84.5
24 75.5
25 76
26 71.5
27 69.5
28 69.5
29 70
30 68
31 69
32 78.5
33 82.5
34 89
35 91
36 94.5
37 101
38 105
39 105.5
40 100
41 103.5
42 97.5
43 102
44 103.5
45 104.5
46 105.5
47 108
48 107.5
49 108.5
50 116
51 129
52 134
53 136.5
54 137
55 135.5
56 130.5
57 128.5
58 126
59 124
60 120.5
61 113
62 104.5
63 95.5
64 90
65 85.5
66 83
67 83.5
68 84
69 84.5
70 82
71 83
72 83.5
73 78
74 74
75 71
76 66.5
77 61.5
78 55
79 58
80 59
81 59
82 57.5
83 56
84 57
85 57
86 56
87 50
88 47
89 44
90 42
91 39
92 32.5
93 26
94 20
95 13
96 9
97 5
98 2
99 0
100 0
101 0
102 0
103 0
104 0
105 0
106 0
107 0
108 0
109 0
110 0
111 0
112 0
#############################



### angle = 130.5
-112 0
-111 0
-110 0
-109 0
-108 0
-107 0
-106 0
-105 0
-104 0
-103 0
-102 0
-101 0
-100 0
-99 0
-98 0
-97 0
-96 0
-95 0
-94 0
-93 0
-92 0
-91 0
-90 0
-89 0
-88 0
-87 0
-86 0
-85 0
-84 0
-83 0
-82 0
-81 0
-80 0
-79 0
-78 0
-77 0
-76 0
-75 0
-74 0
-73 0
-72 0
-71 3.5
-70 13.5
-69 24
-68 28
-67 38
-66 46
-65 49.5
-64 56.5
-63 66
-62 66.5
-61 68.5
-60 69.5
-59 66.5
-58 68
-57 66.5
-56 66
-55 67.5
-54 67.5
-53 67
-52 68
-51 68.5
-50 68.5
-49 69.5
-48 70
-47 76.5
-46 81
-45 85
-44 87
-43 89
-42 88
-41 92.5
-40 84
-39 84.5
-38 87
-37 83.5
-36 98
-35 92.5
-34 102.5
-33 106.5
-32 107.5
-31 118
-30 124.5
-29 123
-28 125.5
-27 125
-26 122
-25 121
-24 119.5
-23 121.5
-22 112.5
-21 119.5
-20 112
-19 116
-18 114
-17 106.5
-16 114
-15 101.5
-14 100
-13 95
-12 92.5
-11 97
-10 85.5
-9 101.5
-8 86
-7 101.5
-6 93.5
-5 94.5
-4 96.5
-3 81.5
-2 90.5
-1 84
0 84.5
1 87.5
2 85.5
3 86
4 98.5
5 93
6 111
7 124
8 129.5
9 151
10 142
11 150.5
12 152
13 141
14 152
15 141
16 144.5
17 145
18 145
19 146.5
20 153.5
21 145
22 149.5
23 149.5
24 143.5
25 145.5
26 135
27 119.5
28 104
29 103
30 105
31 105
32 109.5
33 103.5
34 107
35 100
36 104.5
37 115.5
38 111.5
39 121.5
40 116
41 126.5
42 119
43 114.5
44 119.5
45 105
46 113
47 112
48 103
49 106
50 84.5
51 86
52 85.5
53 74
54 86
55 81.5
56 88.5
57 89.5
58 81
59 99
60 81.5
61 85
62 77.5
63 84.5
64 78.5
65 69.5
66 84.5
67 79
68 102.5
69 97.5
70 114.5
71 117.5
72 115
73 123
74 114
75 111
76 106
77 94.5
78 92
79 88.5
80 78
81 77.5
82 62.5
83 55.5
84 47
85 43.5
86 42
87 39.5
88 42.5
89 33.5
90 36.5
91 31
92 32
93 30.5
94 27
95 28
96 22.5
97 27
98 17.5
99 21.5
100 15
101 15.5
102 15
103 10.5
104 13.5
105 6
106 8.5
107 4.5
108 4
109 3.5
110 1.5
111 1.5
112 0
#############################



### angle = 135
-112 0
-111 0
-110 0
-109 0
-108 0
-107 0
-106 0
-105 0
-104 0
-103 0
-102 0
-101 0
-100 0
-99 0
-98 0
-97 0
-96 0
-95 0
-94 0
-93 0
-92 0
-91 0
-90 8
-89 19
-88 31
-87 31.5
-86 39
-85 53
-84 64.5
-83 75
-82 89
-81 101
-80 111.5
-79 113
-78 106.5
-77 98
-76 98
-75 99.5
-74 99
-73 102.5
-72 104.5
-71 108.5
-70 111
-69 113.5
-68 114.5
-67 116.5
-66 114.5
-65 117
-64 115.5
-63 109.5
-62 104.5
-61 103
-60 100
-59 100.5
-58 96.5
-57 92.5
-56 86.5
-55 85.5
-54 87.5
-53 84.5
-52 83
-51 81
-50 82.5
-49 86
-48 92.5
-47 93.5
-46 99.5
-45 103
-44 103.5
-43 94.5
-42 98
-41 102
-40 110.5
-39 110.5
-38 116
-37 119
-36 122
-35 124
-34 132.5
-33 137.5
-32 141
-31 143.5
-30 146.5
-29 146
-28 149
-27 147.5
-26 159
-25 164.5
-24 164
-23 165
-22 163.5
-21 166.5
-20 168
-19 178
-18 181
-17 183.5
-16 190
-15 194
-14 199.5
-13 204
-12 200
-11 189
-10 178.5
-9 175
-8 171.5
-7 163
-6 161.5
-5 158.5
-4 148.5
-3 135
-2 126
-1 123
0 123
1 116
2 101
3 89.5
4 75
5 64.5
6 46
7 44.5
8 37.5
9 36
10 33.5
11 38.5
12 38.5
13 40.5
14 39
15 34.5
16 29.5
17 26.5
18 20.5
19 19.5
20 19.5
21 22.5
22 23
23 24.5
24 25.5
25 25
26 24
27 29.5
28 39
29 51.5
30 56.5
31 58.5
32 57.5
33 63.5
34 62
35 63.5
36 67
37 66
38 71
39 77
40 80
41 82
42 82.5
43 88.5
44 90.5
45 95
46 89.5
47 85.5
48 78
49 78
50 77.5
51 77
52 77
53 74.5
54 75
55 76.5
56 74.5
57 73
58 67
59 60.5
60 59
61 56
62 51
63 51
64 46.5
65 47.5
66 43.5
67 43.5
68 44
69 41.5
70 39
71 36.5
72 37
73 33.5
74 33
75 33.5
76 33.5
77 35
78 35
79 39
80 39.5
81 41.5
82 41
83 39.5
84 39
85 37
86 37
87 36.5
88 36
89 35.5
90 30.5
91 26.5
92 22
93 20.5
94 19.5
95 19
96 21
97 19.5
98 17
99 15.5
100 14
101 12
102 9
103 8
104 4
105 3
106 1
107 0
108 0
109 0
110 0
111 0
112 0
#############################



### angle = 139.5
-112 0
-111 0
-110 0
-109 0
-108 0
-107 0
-106 0
-105 0.5
-104 2
-103 3.5
-102 7
-101 9.5
-100 12.5
-99 16
-98 19
-97 21
-96 24.5
-95 27.5
-94 30.5
-93 34
-92 37.5
-91 40
-90 40
-89 43
-88 41.5
-87 39.5
-86 43
-85 44.5
-84 47.5
-83 50
-82 53.5
-81 55
-80 59
-79 60.5
-78 57.5
-77 50.5
-76 55.5
-75 63
-74 58.5
-73 58
-72 55.5
-71 55
-70 59.5
-69 65.5
-68 68.5
-67 66.5
-66 71
-65 70.5
-64 75
-63 85
-62 87.5
-61 79.5
-60 81.5
-59 93
-58 106.5
-57 115.5
-56 120.5
-55 122
-54 131.5
-53 138.5
-52 142
-51 147.5
-50 151.5
-49 147
-48 145.5
-47 145.5
-46 145.5
-45 146
-44 140.5
-43 139
-42 139
-41 130.5
-40 128
-39 126.5
-38 128
-37 131
-36 129.5
-35 128.5
-34 134
-33 129
-32 129
-31 136.5
-30 152.5
-29 158
-28 164.5
-27 164
-26 158.5
-25 154
-24 145
-23 140.5
-22 140
-21 133
-20 132.5
-19 130
-18 134.5
-17 134.5
-16 129.5
-15 131
-14 133
-13 129
-12 130.5
-11 126.5
-10 126.5
-9 126.5
-8 123.5
-7 120.5
-6 117.5
-5 115
-4 115.5
-3 118
-2 118.5
-1 121.5
0 115.5
1 106
2 101.5
3 99.5
4 93
5 86.5
6 78
7 68
8 66.5
9 65
10 67
11 63
12 61
13 61.5
14 58.5
15 56
16 55
17 50.5
18 50
19 47
20 42.5
21 45
22 46.5
23 45
24 48
25 44.5
26 45
27 50.5
28 52
29 59.5
30 59.5
31 60
32 65
33 67
34 72
35 80.5
36 77.5
37 78
38 81.5
39 78
40 79.5
41 81.5
42 79
43 82
44 81
45 83.5
46 89
47 83.5
48 82.5
49 85.5
50 86.5
51 88
52 87.5
53 83
54 81
55 74.5
56 71
57 71.5
58 69
59 64.5
60 69.5
61 66.5
62 68
63 70
64 69
65 77
66 72
67 72
68 72.5
69 66
70 67.5
71 67
72 64
73 66
74 63.5
75 60.5
76 63
77 60
78 56
79 54
80 45.5
81 40
82 37
83 30.5
84 24.5
85 17
86 13
87 10.5
88 9.5
89 9
90 8.5
91 6
92 3
93 0
94 0
95 0
96 0
97 0
98 0
99 0
100 0
101 0
102 0
103 0
104 0
105 0
106 0
107 0
108 0
109 0
110 0
111 0
112 0
#############################



### angle = 144
-112 0
-111 0
-110 0
-109 0
-108 0
-107 0
-106 0
-105 0
-104 0
-103 0
-102 0
-101 0
-100 0
-99 0
-98 0
-97 0
-96 0
-95 0
-94 0
-93 0
-92 0
-91 0
-90 0
-89 0
-88 0
-87 0
-86 0
-85 0
-84 0
-83 6
-82 13.5
-81 18.5
-80 30
-79 30
-78 30.5
-77 31
-76 32.5
-75 31
-74 32
-73 32.5
-72 34.5
-71 32
-70 32.5
-69 35
-68 38.5
-67 57.5
-66 67.5
-65 72
-64 71.5
-63 71.5
-62 72
-61 74
-60 72
-59 73
-58 73.5
-57 75
-56 73.5
-55 73.5
-54 68
-53 67.5
-52 65.5
-51 67
-50 68.5
-49 75
-48 74.5
-47 74
-46 73.5
-45 74
-44 66.5
-43 61.5
-42 59
-41 59.5
-40 57.5
-39 58.5
-38 57.5
-37 57
-36 55
-35 55
-34 57.5
-33 58
-32 61.5
-31 67
-30 72
-29 71.5
-28 74.5
-27 79
-26 80
-25 81
-24 89
-23 96.5
-22 98.5
-21 95
-20 96
-19 100.5
-18 98
-17 87
-16 83.5
-15 80.5
-14 83
-13 81.5
-12 79.5
-11 71.5
-10 72.5
-9 74.5
-8 73
-7 68.5
-6 66.5
-5 62.5
-4 57.5
-3 57.5
-2 59
-1 59.5
0 60.5
1 71
2 81
3 82.5
4 82.5
5 82
6 82
7 85
8 86.5
9 87.5
10 88.5
11 95
12 106.5
13 115
14 124.5
15 129.5
16 134.5
17 142.5
18 147.5
19 164
20 166.5
21 179.5
22 185
23 184
24 184
25 182
26 180.5
27 184.5
28 187
29 197.5
30 194.5
31 191.5
32 184
33 179.5
34 170
35 170
36 175.5
37 175
38 174.5
39 170
40 170
41 166
42 158
43 160
44 163.5
45 153
46 150
47 146.5
48 144.5
49 139.5
50 143.5
51 133
52 131
53 129.5
54 121.5
55 115.5
56 111
57 107
58 100
59 99
60 99
61 103
62 107
63 106.5
64 100
65 92.5
66 89.5
67 83.5
68 79
69 67.5
70 61.5
71 57.5
72 55.5
73 54
74 45
75 42.5
76 38.5
77 35.5
78 33
79 28
80 26
81 26.5
82 26.5
83 30
84 27.5
85 32.5
86 42.5
87 43
88 42.5
89 40
90 39
91 38
92 36
93 35
94 36
95 32
96 31
97 28
98 25
99 24
100 22
101 18
102 16
103 15
104 11
105 10
106 7
107 5
108 2
109 0
110 0
111 0
112 0
#############################



### angle = 148.5
-112 0
-111 0
-110 0
-109 0
-108 0
-107 2
-106 3
-105 3.5
-104 4
-103 5.5
-102 5
-101 8.5
-100 8.5
-99 16
-98 22.5
-97 26
-96 26
-95 27
-94 28
-93 30.5
-92 38
-91 40
-90 41
-89 45
-88 45
-87 48
-86 51
-85 52
-84 54
-83 57
-82 58
-81 60
-80 63
-79 63
-78 66
-77 69
-76 67
-75 66
-74 65
-73 65
-72 66.5
-71 60.5
-70 60.5
-69 55
-68 61
-67 55
-66 59.5
-65 65
-64 65.5
-63 69
-62 72
-61 71
-60 72
-59 74
-58 75
-57 76
-56 77
-55 77.5
-54 79.5
-53 85
-52 84.5
-51 83.5
-50 90.5
-49 89.5
-48 95
-47 95.5
-46 95
-45 99.5
-44 102
-43 99.5
-42 100.5
-41 102
-40 99.5
-39 100.5
-38 99.5
-37 99
-36 98
-35 89
-34 77
-33 74
-32 75.5
-31 67
-30 70
-29 63.5
-28 60
-27 59
-26 58
-25 55.5
-24 62
-23 62
-22 58.5
-21 58.5
-20 58
-19 62
-18 58
-17 64
-16 58.5
-15 60
-14 61
-13 55.5
-12 58.5
-11 58
-10 56.5
-9 61.5
-8 60.5
-7 60
-6 60
-5 57.5
-4 65
-3 77.5
-2 89
-1 86
0 90.5
1 98
2 112
3 130.5
4 148.5
5 158.5
6 149.5
7 142
8 140.5
9 142
10 143.5
11 138
12 130
13 123
14 120.5
15 121
16 128
17 125.5
18 130
19 130.5
20 132.5
21 148.5
22 148
23 150
24 148
25 138
26 135
27 134
28 134.5
29 137.5
30 129.5
31 128.5
32 128.5
33 124
34 119.5
35 114
36 113.5
37 109
38 103.5
39 88.5
40 81.5
41 87
42 79.5
43 79.5
44 75
45 73.5
46 71
47 69
48 67
49 69
50 71.5
51 83
52 82
53 86.5
54 87
55 86
56 89.5
57 100
58 108
59 111
60 119.5
61 119
62 117
63 114
64 114
65 114
66 109
67 109
68 107.5
69 102
70 99
71 94.5
72 93.5
73 91
74 86
75 82
76 86.5
77 88.5
78 93.5
79 86.5
80 72
81 59
82 53
83 45.5
84 36.5
85 27
86 23.5
87 23.5
88 23.5
89 12.5
90 4
91 0
92 0
93 0
94 0
95 0
96 0
97 0
98 0
99 0
100 0
101 0
102 0
103 0
104 0
105 0
106 0
107 0
108 0
109 0
110 0
111 0
112 0
#############################



### angle = 153
-112 0
-111 0
-110 0
-109 2
-108 4
-107 6
-106 8
-105 10
-104 13
-103 14
-102 16
-101 18
-100 21
-99 24
-98 23
-97 28
-96 28
-95 34.5
-94 37.5
-93 39.5
-92 45.5
-91 43.5
-90 45
-89 47
-88 48
-87 53.5
-86 51.5
-85 52.5
-84 52
-83 49
-82 54.5
-81 58.5
-80 60.5
-79 68.5
-78 70
-77 73
-76 73
-75 75
-74 79
-73 74
-72 77
-71 86.5
-70 99
-69 101.5
-68 103
-67 105.5
-66 104
-65 106.5
-64 109
-63 108.5
-62 121
-61 122.5
-60 135
-59 138.5
-58 141
-57 155
-56 150
-55 154
-54 149
-53 142.5
-52 142.5
-51 141.5
-50 144
-49 141
-48 135
-47 133
-46 121.5
-45 125
-44 119.5
-43 115.5
-42 113.5
-41 110.5
-40 108.5
-39 107.5
-38 109.5
-37 115
-36 106.5
-35 90.5
-34 74
-33 67.5
-32 65.5
-31 71.5
-30 67.5
-29 75
-28 75.5
-27 93
-26 100.5
-25 107
-24 113
-23 123.5
-22 130.5
-21 127
-20 128
-19 123.5
-18 121.5
-17 123
-16 120.5
-15 123.5
-14 123.5
-13 122
-12 119
-11 102.5
-10 94.5
-9 90.5
-8 82.5
-7 79
-6 73.5
-5 74.5
-4 75
-3 70.5
-2 70
-1 58.5
0 61
1 65
2 71
3 84.5
4 94
5 94.5
6 107.5
7 119
8 137
9 149
10 155.5
11 173.5
12 168
13 175.5
14 170
15 162
16 166
17 164
18 168
19 168
20 159.5
21 162.5
22 153.5
23 150
24 150.5
25 144.5
26 147.5
27 140
28 135.5
29 128.5
30 116
31 110
32 107.5
33 104.5
34 101
35 97
36 99.5
37 100
38 105
39 106.5
40 105
41 104.5
42 102.5
43 103.5
44 104
45 97.5
46 96.5
47 88.5
48 77
49 67.5
50 63.5
51 54.5
52 42
53 33
54 29
55 30
56 26.5
57 23
58 20
59 14.5
60 8
61 4.5
62 2
63 0
64 0
65 0
66 0
67 0
68 0
69 0
70 0
71 0
72 0
73 0
74 0
75 0
76 0
77 0
78 0
79 0
80 0
81 0
82 0
83 0
84 0
85 0
86 0
87 0
88 0
89 0
90 0
91 0
92 0
93 0
94 0
95 0
96 0
97 0
98 0
99 0
100 0
101 0
102 0
103 0
104 0
105 0
106 0
107 0
108 0
109 0
110 0
111 0
112 0
#############################



### angle = 157.5
-112 0
-111 0
-110 1
-109 3
-108 5
-107 8
-106 10
-105 12
-104 14
-103 13
-102 13
-101 13.5
-100 18.5
-99 20
-98 21
-97 24
-96 31
-95 31
-94 32
-93 35
-92 34.5
-91 32
-90 34.5
-89 35
-88 34
-87 36
-86 37.5
-85 39
-84 38.5
-83 40.5
-82 40.5
-81 37.5
-80 42.5
-79 41.5
-78 42.5
-77 42.5
-76 49
-75 47.5
-74 50.5
-73 52.5
-72 50.5
-71 49.5
-70 52
-69 54.5
-68 56.5
-67 55
-66 58.5
-65 61
-64 56.5
-63 54
-62 52
-61 49
-60 50
-59 54.5
-58 64.5
-57 77.5
-56 79
-55 87
-54 88
-53 81.5
-52 76.5
-51 79.5
-50 86.5
-49 91.5
-48 99
-47 99.5
-46 103
-45 104
-44 108
-43 110.5
-42 113
-41 113.5
-40 111
-39 115.5
-38 111
-37 111
-36 109.5
-35 108.5
-34 108.5
-33 106.5
-32 100
-31 89.5
-30 90
-29 85
-28 85.5
-27 78.5
-26 75
-25 70.5
-24 64
-23 69.5
-22 71
-21 73.5
-20 82
-19 94
-18 100
-17 101.5
-16 109
-15 115
-14 117
-13 116.5
-12 122
-11 121.5
-10 122
-9 117.5
-8 114.5
-7 110.5
-6 106
-5 106.5
-4 106
-3 108.5
-2 113
-1 119.5
0 117
1 116.5
2 108
3 111.5
4 115
5 108
6 103.5
7 102
8 105
9 101
10 99
11 90
12 86.5
13 79
14 77
15 79.5
16 76
17 70.5
18 70
19 72
20 69
21 70.5
22 67
23 66
24 68.5
25 73.5
26 79.5
27 85
28 83.5
29 84.5
30 87.5
31 86
32 90
33 90.5
34 93
35 98
36 103
37 109.5
38 120
39 122
40 128
41 128
42 129
43 124.5
44 125
45 123
46 119.5
47 111
48 112.5
49 110.5
50 108.5
51 111
52 107
53 108
54 114
55 121
56 116
57 110.5
58 102
59 100
60 99.5
61 97
62 95.5
63 91
64 86.5
65 83.5
66 82.5
67 82
68 78.5
69 76
70 71.5
71 70
72 65
73 66
74 65
75 61.5
76 56.5
77 59.5
78 65.5
79 65
80 63.5
81 61
82 59.5
83 57
84 53.5
85 51
86 50
87 48
88 47
89 45
90 43
91 40
92 37
93 35
94 32
95 27.5
96 19.5
97 12.5
98 8.5
99 5.5
100 2
101 1
102 1
103 0
104 0
105 0
106 0
107 0
108 0
109 0
110 0
111 0
112 0
#############################



### angle = 162
-112 0
-111 0
-110 0
-109 0
-108 0
-107 0
-106 0
-105 0
-104 0
-103 0
-102 0
-101 0
-100 0
-99 0
-98 0
-97 0
-96 0
-95 0
-94 0
-93 0
-92 0
-91 0
-90 0
-89 0
-88 0
-87 0
-86 0
-85 0
-84 0
-83 0
-82 0
-81 0
-80 0
-79 0
-78 0
-77 0
-76 0
-75 0
-74 0
-73 0
-72 0
-71 0
-70 0
-69 1.5
-68 10
-67 17.5
-66 27
-65 26
-64 31
-63 36.5
-62 39.5
-61 46
-60 51
-59 50.5
-58 53
-57 58
-56 66.5
-55 70.5
-54 72.5
-53 70
-52 66.5
-51 66.5
-50 64.5
-49 68.5
-48 70.5
-47 73
-46 75.5
-45 78
-44 82.5
-43 91
-42 94.5
-41 103.5
-40 103.5
-39 107
-38 104.5
-37 107.5
-36 106.5
-35 107.5
-34 110.5
-33 111
-32 112
-31 114.5
-30 113.5
-29 114
-28 118
-27 115.5
-26 119.5
-25 118.5
-24 117.5
-23 117.5
-22 118.5
-21 117
-20 125
-19 124.5
-18 135.5
-17 138
-16 136
-15 131
-14 124.5
-13 124.5
-12 125.5
-11 124
-10 132
-9 129
-8 132.5
-7 130
-6 132.5
-5 126.5
-4 123.5
-3 120.5
-2 119.5
-1 111
0 108.5
1 100.5
2 91
3 86
4 84
5 91
6 96
7 91.5
8 102
9 103.5
10 106.5
11 112.5
12 123.5
13 133
14 136.5
15 140
16 136
17 139.5
18 129.5
19 124
20 121.5
21 112.5
22 100
23 97
24 97.5
25 96.5
26 101
27 103.5
28 105
29 107.5
30 105
31 104.5
32 108
33 106.5
34 104.5
35 107
36 107.5
37 111
38 119
39 119.5
40 126.5
41 126.5
42 134.5
43 130.5
44 131
45 134.5
46 123
47 124.5
48 117
49 110
50 108.5
51 98
52 87
53 81.5
54 90
55 81
56 85
57 88.5
58 84.5
59 84.5
60 83
61 84.5
62 79.5
63 73
64 68.5
65 72
66 71
67 72
68 77
69 82
70 93.5
71 106
72 115.5
73 118
74 118
75 117
76 118
77 107.5
78 102
79 99
80 90
81 86
82 79.5
83 81
84 72
85 64
86 55.5
87 50.5
88 41
89 36.5
90 33
91 31
92 28.5
93 29
94 25.5
95 24
96 24
97 20
98 19
99 17
100 15.5
101 13
102 13
103 10
104 9
105 6.5
106 5.5
107 4
108 3.5
109 2
110 1.5
111 0
112 0
#############################



### angle = 166.5
-112 0
-111 0
-110 0
-109 0
-108 0
-107 0
-106 0
-105 0
-104 0
-103 0
-102 0
-101 0
-100 0
-99 0
-98 0
-97 0
-96 0
-95 0
-94 0
-93 0
-92 0
-91 0
-90 0
-89 0
-88 0
-87 0
-86 0
-85 0
-84 112
-83 112.5
-82 111
-81 111.5
-80 111
-79 110
-78 114.5
-77 120
-76 118.5
-75 121.5
-74 119.5
-73 117.5
-72 121.5
-71 121.5
-70 120.5
-69 120.5
-68 118
-67 120
-66 116
-65 111.5
-64 110.5
-63 109
-62 107.5
-61 106.5
-60 105.5
-59 104.5
-58 102
-57 94
-56 91
-55 89.5
-54 91
-53 91.5
-52 91.5
-51 93
-50 95.5
-49 90.5
-48 88
-47 89.5
-46 89.5
-45 89
-44 89
-43 85
-42 85.5
-41 87
-40 89
-39 96
-38 104
-37 104.5
-36 102
-35 105
-34 107
-33 112
-32 108
-31 107
-30 107.5
-29 108.5
-28 113.5
-27 117.5
-26 119.5
-25 126
-24 147.5
-23 162
-22 175
-21 186
-20 187.5
-19 187.5
-18 188
-17 187.5
-16 189.5
-15 190.5
-14 188.5
-13 187.5
-12 188.5
-11 189.5
-10 185
-9 179
-8 179.5
-7 180
-6 176.5
-5 175.5
-4 171
-3 170
-2 160
-1 157
0 76
1 74
2 72.5
3 68
4 66.5
5 64
6 58.5
7 54.5
8 55.5
9 55
10 52
11 50
12 48.5
13 46.5
14 48.5
15 49
16 49
17 48.5
18 47
19 46.5
20 47
21 43
22 41.5
23 35.5
24 34
25 28
26 26.5
27 26.5
28 27.5
29 31.5
30 38
31 37
32 41
33 40.5
34 45
35 54
36 62.5
37 65.5
38 72.5
39 72
40 78.5
41 85
42 86
43 86.5
44 91.5
45 93
46 95.5
47 96.5
48 100
49 99
50 95
51 92.5
52 84
53 82
54 78.5
55 77.5
56 74
57 73.5
58 69
59 61.5
60 55.5
61 52
62 51
63 44.5
64 44.5
65 41
66 42.5
67 43
68 40
69 38.5
70 35.5
71 34
72 33
73 33
74 32.5
75 34
76 34
77 34.5
78 35
79 34
80 35.5
81 37
82 37.5
83 39
84 37.5
85 39
86 39
87 39.5
88 39
89 37.5
90 38
91 37
92 33
93 26.5
94 22.5
95 20.5
96 17.5
97 18
98 16.5
99 17
100 17.5
101 15
102 15
103 12
104 10
105 7
106 6
107 4
108 1
109 0
110 0
111 0
112 0
#############################



### angle = 171
-112 0
-111 0
-110 0
-109 0
-108 0.5
-107 2
-106 3.5
-105 4.5
-104 8
-103 9.5
-102 13.5
-101 15.5
-100 17.5
-99 19.5
-98 21.5
-97 25.5
-96 27.5
-95 31
-94 32
-93 35
-92 38
-91 40
-90 41
-89 41
-88 43.5
-87 41.5
-86 42
-85 42.5
-84 44
-83 47.5
-82 48
-81 49.5
-80 52.5
-79 57.5
-78 63
-77 65
-76 64.5
-75 58
-74 58
-73 58.5
-72 62
-71 66
-70 62.5
-69 64.5
-68 67.5
-67 72
-66 81
-65 78.5
-64 72.5
-63 70
-62 71.5
-61 79.5
-60 87.5
-59 100
-58 111
-57 118
-56 122
-55 130.5
-54 128.5
-53 123.5
-52 128
-51 133
-50 132.5
-49 140.5
-48 135
-47 135.5
-46 133
-45 134
-44 131
-43 125
-42 127
-41 123.5
-40 122
-39 121.5
-38 123
-37 126
-36 125.5
-35 130
-34 134
-33 139.5
-32 152
-31 170.5
-30 179.5
-29 180
-28 181.5
-27 179.5
-26 177
-25 178.5
-24 169
-23 166
-22 162
-21 151
-20 135
-19 130
-18 125
-17 118.5
-16 117.5
-15 114.5
-14 117.5
-13 117
-12 117.5
-11 116
-10 115.5
-9 115
-8 111.5
-7 110
-6 111
-5 112
-4 115.5
-3 114
-2 116.5
-1 117.5
0 117
1 115
2 110.5
3 101
4 94
5 84
6 79.5
7 69
8 64.5
9 64.5
10 62.5
11 62.5
12 64
13 58.5
14 64
15 59
16 52.5
17 54
18 51.5
19 46.5
20 48
21 52
22 50.5
23 50
24 51
25 56
26 57.5
27 61.5
28 67.5
29 71
30 76.5
31 76.5
32 75.5
33 78
34 78.5
35 78.5
36 77
37 79
38 80
39 81.5
40 85.5
41 85
42 87
43 87
44 85
45 83.5
46 81.5
47 82.5
48 84.5
49 82.5
50 81.5
51 79
52 78
53 72.5
54 69
55 68.5
56 69.5
57 67
58 65.5
59 65.5
60 70
61 74
62 77
63 75
64 75
65 75
66 75
67 70
68 70
69 69.5
70 67.5
71 66
72 65.5
73 64
74 63
75 57
76 56.5
77 49.5
78 44
79 39.5
80 30
81 24.5
82 17.5
83 11
84 10.5
85 11.5
86 8
87 5
88 0
89 0
90 0
91 0
92 0
93 0
94 0
95 0
96 0
97 0
98 0
99 0
100 0
101 0
102 0
103 0
104 0
105 0
106 0
107 0
108 0
109 0
110 0
111 0
112 0
#############################



### angle = 175.5
-112 0
-111 0
-110 0
-109 0
-108 0
-107 0
-106 0
-105 0
-104 0
-103 0
-102 0
-101 0
-100 0
-99 0
-98 0
-97 0
-96 0
-95 0
-94 0
-93 0
-92 0
-91 0
-90 0
-89 4
-88 8
-87 14
-86 14
-85 23
-84 28
-83 31
-82 30.5
-81 33
-80 31.5
-79 28.5
-78 27
-77 24.5
-76 23.5
-75 29
-74 32.5
-73 38
-72 42
-71 45
-70 46.5
-69 49
-68 52
-67 60
-66 67
-65 72.5
-64 74
-63 74
-62 74
-61 72.5
-60 68
-59 68.5
-58 66.5
-57 65
-56 66
-55 65.5
-54 66
-53 69
-52 72
-51 74
-50 73
-49 74
-48 72
-47 71
-46 71
-45 68.5
-44 62
-43 58
-42 56
-41 55
-40 55
-39 53.5
-38 53.5
-37 52.5
-36 54.5
-35 54.5
-34 53.5
-33 57
-32 57.5
-31 62.5
-30 64
-29 66.5
-28 68.5
-27 71
-26 76.5
-25 78
-24 83
-23 83.5
-22 84
-21 82.5
-20 74.5
-19 73.5
-18 76
-17 74.5
-16 76
-15 78
-14 75.5
-13 74.5
-12 69.5
-11 66
-10 63
-9 58
-8 60.5
-7 62
-6 63.5
-5 61
-4 60.5
-3 59
-2 50.5
-1 55
0 61
1 64.5
2 68
3 68.5
4 69.5
5 76.5
6 83
7 87
8 88
9 90
10 101
11 114.5
12 128.5
13 141.5
14 140.5
15 155.5
16 164
17 167
18 172.5
19 179.5
20 184.5
21 186
22 186.5
23 185.5
24 186.5
25 193.5
26 193.5
27 189
28 186.5
29 194
30 189.5
31 184
32 181
33 172.5
34 170
35 171.5
36 174.5
37 185
38 192
39 192
40 184
41 176.5
42 173.5
43 170.5
44 162.5
45 155
46 144
47 137
48 120.5
49 109
50 108
51 118
52 126.5
53 127
54 127.5
55 126
56 125.5
57 121.5
58 117
59 103
60 98.5
61 90
62 85.5
63 83.5
64 80
65 70.5
66 75
67 68.5
68 67
69 61
70 56.5
71 57
72 53
73 49.5
74 46.5
75 45.5
76 45
77 40
78 39.5
79 39.5
80 42
81 42
82 39.5
83 44
84 43
85 42
86 40.5
87 43.5
88 42.5
89 39.5
90 37
91 36
92 36
93 34
94 34
95 30
96 28
97 26
98 23
99 20
100 17
101 16
102 12
103 10
104 7
105 4
106 2
107 0
108 0
109 0
110 0
111 0
112 0
#############################



