2.944780e+03
2.711680e+03
2.611580e+03
2.430240e+03
2.408800e+03
2.296180e+03
2.235000e+03
2.248480e+03
2.173580e+03
2.251880e+03
2.154040e+03
2.049200e+03
2.024820e+03
2.010180e+03
1.983960e+03
1.972120e+03
1.948120e+03
1.901560e+03
1.951600e+03
1.884120e+03
1.833500e+03
1.817180e+03
1.792520e+03
1.784300e+03
1.809760e+03
1.789640e+03
1.719920e+03
1.751680e+03
1.791820e+03
1.757760e+03
1.760320e+03
1.763060e+03
1.730220e+03
1.736620e+03
1.762120e+03
1.741760e+03
1.723340e+03
1.652700e+03
1.667700e+03
1.638360e+03
1.629440e+03
1.696900e+03
1.667700e+03
1.650540e+03
1.650240e+03
1.694620e+03
1.678820e+03
1.638080e+03
1.606400e+03
1.603560e+03
1.576460e+03
1.588880e+03
1.623720e+03
1.640140e+03
1.636600e+03
1.665120e+03
1.624160e+03
1.664660e+03
1.615020e+03
1.607860e+03
1.601900e+03
1.567800e+03
1.556680e+03
1.563960e+03
1.542320e+03
1.617340e+03
1.567140e+03
1.582800e+03
1.588520e+03
1.540380e+03
1.545540e+03
1.561580e+03
1.560060e+03
1.553200e+03
1.494000e+03
1.527220e+03
1.522400e+03
1.476600e+03
1.488080e+03
1.522720e+03
1.498780e+03
1.508500e+03
1.509640e+03
1.515260e+03
1.486600e+03
1.443120e+03
1.429820e+03
1.467340e+03
1.444720e+03
1.465240e+03
1.437340e+03
1.451200e+03
1.483260e+03
1.499420e+03
1.451360e+03
1.485340e+03
1.466340e+03
1.444080e+03
1.440380e+03
1.495160e+03
1.510480e+03
1.460800e+03
1.465700e+03
1.491760e+03
1.476300e+03
1.445980e+03
1.434240e+03
1.493940e+03
1.503420e+03
1.500640e+03
1.439660e+03
1.501980e+03
1.449500e+03
1.474460e+03
1.398040e+03
1.424700e+03
1.426620e+03
1.403980e+03
1.419340e+03
1.445500e+03
1.441700e+03
1.429560e+03
1.421600e+03
1.414600e+03
1.395540e+03
1.483920e+03
1.487000e+03
1.449260e+03
1.419260e+03
1.477960e+03
1.522740e+03
1.474860e+03
1.503680e+03
1.464300e+03
1.464840e+03
1.537640e+03
1.444320e+03
1.427240e+03
1.444060e+03
1.427700e+03
1.454300e+03
1.437040e+03
1.495900e+03
1.467780e+03
1.467040e+03
1.436440e+03
1.480520e+03
1.442160e+03
1.455120e+03
1.438260e+03
1.402660e+03
1.428420e+03
1.494840e+03
1.471840e+03
1.443540e+03
1.411860e+03
1.405740e+03
1.441700e+03
1.358700e+03
1.391820e+03
1.344000e+03
1.415860e+03
1.380000e+03
1.339800e+03
1.362540e+03
1.330700e+03
1.358100e+03
1.329080e+03
1.305920e+03
1.326200e+03
1.311140e+03
1.329720e+03
1.341760e+03
1.316340e+03
1.344400e+03
1.328480e+03
1.328360e+03
1.342380e+03
1.352840e+03
1.411380e+03
1.372520e+03
1.385500e+03
1.375580e+03
1.408560e+03
1.370880e+03
1.338300e+03
1.353580e+03
1.324500e+03
1.355200e+03
1.311380e+03
1.343940e+03
1.306760e+03
1.339360e+03
1.323780e+03
1.313260e+03
1.308140e+03
1.356900e+03
1.355580e+03
1.353620e+03
1.379520e+03
1.387500e+03
1.306320e+03
1.364660e+03
1.353620e+03
1.366160e+03
1.376840e+03
1.379300e+03
1.330400e+03
1.393300e+03
1.336740e+03
1.349580e+03
1.336680e+03
1.351200e+03
1.376720e+03
1.338120e+03
1.315600e+03
1.341440e+03
1.384700e+03
1.331140e+03
1.350160e+03
1.311880e+03
1.340260e+03
1.327000e+03
1.344740e+03
1.456780e+03
1.346160e+03
1.336280e+03
1.341520e+03
1.313480e+03
1.299180e+03
1.347280e+03
1.351160e+03
1.329540e+03
1.345280e+03
1.354380e+03
1.326260e+03
1.300240e+03
1.378600e+03
1.336020e+03
1.333780e+03
1.331700e+03
1.317000e+03
1.303160e+03
1.340200e+03
1.324860e+03
1.343120e+03
1.338380e+03
1.322740e+03
1.258800e+03
1.330040e+03
1.314340e+03
1.258840e+03
1.383300e+03
1.320900e+03
1.326920e+03
1.278260e+03
1.279840e+03
1.271660e+03
1.311480e+03
1.285780e+03
1.254960e+03
1.316720e+03
1.289600e+03
1.392540e+03
1.355820e+03
1.316960e+03
1.311920e+03
1.251360e+03
1.314680e+03
1.342860e+03
1.295000e+03
1.344480e+03
1.311800e+03
1.329760e+03
1.316160e+03
1.366980e+03
1.317540e+03
1.362160e+03
1.383400e+03
1.277320e+03
1.291180e+03
1.348520e+03
1.368460e+03
1.379280e+03
1.298840e+03
1.337620e+03
1.347520e+03
1.310960e+03
1.336000e+03
1.321640e+03
1.353680e+03
1.329580e+03
1.447000e+03
1.370060e+03
1.404820e+03
1.402720e+03
1.396900e+03
1.381220e+03
1.394840e+03
1.387940e+03
1.362200e+03
1.345140e+03
1.375900e+03
1.328760e+03
1.366360e+03
1.388640e+03
1.330040e+03
1.310040e+03
1.311960e+03
1.362440e+03
1.353660e+03
1.408680e+03
1.327020e+03
1.298180e+03
1.390020e+03
1.353980e+03
1.363580e+03
1.343780e+03
1.336440e+03
1.359880e+03
1.359780e+03
1.387260e+03
1.433420e+03
1.368200e+03
1.347840e+03
1.407840e+03
1.422780e+03
1.377580e+03
1.378900e+03
1.384040e+03
1.416160e+03
1.377720e+03
1.435480e+03
1.396380e+03
1.385520e+03
1.373620e+03
1.347800e+03
1.398560e+03
1.320820e+03
1.372740e+03
1.326120e+03
1.355360e+03
1.424900e+03
1.338980e+03
1.386460e+03
1.329060e+03
1.341800e+03
1.437060e+03
1.383780e+03
1.394720e+03
1.373880e+03
1.341520e+03
1.370600e+03
1.363580e+03
1.361140e+03
1.349640e+03
1.321580e+03
1.369300e+03
1.398860e+03
1.391780e+03
1.352560e+03
1.304720e+03
1.295160e+03
1.311800e+03
1.360020e+03
1.327840e+03
1.318720e+03
1.341020e+03
1.332160e+03
1.361920e+03
1.350040e+03
1.342420e+03
1.368040e+03
1.350980e+03
1.400520e+03
1.359500e+03
1.295520e+03
1.303580e+03
1.333760e+03
1.368500e+03
1.356680e+03
1.389600e+03
1.321260e+03
1.341000e+03
1.341280e+03
1.372260e+03
1.338680e+03
1.380100e+03
1.345160e+03
1.276040e+03
1.312200e+03
1.319920e+03
1.341040e+03
1.340040e+03
1.340640e+03
1.359980e+03
1.373820e+03
1.345060e+03
1.377960e+03
1.376020e+03
1.409800e+03
1.432720e+03
1.401280e+03
1.383640e+03
1.425500e+03
1.411420e+03
1.394940e+03
1.356740e+03
1.368580e+03
1.358380e+03
1.404800e+03
1.421540e+03
1.357600e+03
1.320560e+03
1.316780e+03
1.371920e+03
1.379640e+03
1.406580e+03
1.356820e+03
1.387020e+03
1.355080e+03
1.385800e+03
1.355400e+03
1.386540e+03
1.413360e+03
1.370440e+03
1.355300e+03
1.361480e+03
1.338860e+03
1.312840e+03
1.349920e+03
1.329320e+03
1.329600e+03
1.359600e+03
1.390320e+03
1.346800e+03
1.346140e+03
1.380900e+03
1.397560e+03
1.336140e+03
1.381380e+03
1.370660e+03
1.334540e+03
1.376960e+03
1.382840e+03
1.364240e+03
1.356320e+03
1.374720e+03
1.388100e+03
1.364680e+03
1.376340e+03
1.383640e+03
1.367600e+03
1.366820e+03
1.329460e+03
1.315960e+03
1.346740e+03
1.335440e+03
1.356900e+03
1.313060e+03
1.372980e+03
1.354920e+03
1.305920e+03
1.334240e+03
1.382240e+03
1.297440e+03
1.383500e+03
1.438740e+03
1.374800e+03
1.353220e+03
1.393520e+03
1.395020e+03
1.345560e+03
1.407440e+03
1.361060e+03
1.308560e+03
1.301980e+03
1.269300e+03
1.323700e+03
1.322020e+03
1.402380e+03
1.300340e+03
1.323260e+03
1.280520e+03
1.258020e+03
1.342740e+03
1.310880e+03
1.341440e+03
1.327560e+03
1.306780e+03
1.305760e+03
1.343060e+03
1.314600e+03
1.313520e+03
1.313580e+03
1.265960e+03
1.275440e+03
1.332060e+03
1.365040e+03
1.283680e+03
