### angle = 0
-112 0
-111 0
-110 0
-109 0
-108 0
-107 0
-106 0
-105 0
-104 0
-103 0
-102 0
-101 0
-100 0
-99 0
-98 0
-97 0
-96 0
-95 0
-94 0
-93 0
-92 0
-91 0
-90 0
-89 0
-88 0
-87 0
-86 0
-85 102.2
-84 90.5
-83 91.2
-82 95.2
-81 90
-80 95.6
-79 92.9
-78 91.3
-77 92.3
-76 96.2
-75 100.2
-74 92.8
-73 100.5
-72 94.1
-71 99.8
-70 92.7
-69 94.4
-68 83.1
-67 101.6
-66 94
-65 92.4
-64 93.1
-63 90.4
-62 93.6
-61 80.9
-60 94
-59 105.4
-58 99.7
-57 94.7
-56 97.7
-55 97.3
-54 105.9
-53 97.8
-52 89.1
-51 97.2
-50 90.7
-49 106
-48 89.9
-47 104.1
-46 110.5
-45 91.2
-44 103.6
-43 98
-42 98.7
-41 91.5
-40 89.2
-39 94.2
-38 81.9
-37 98.3
-36 95.8
-35 99.7
-34 95.7
-33 94.4
-32 98.1
-31 82.8
-30 104.3
-29 93.5
-28 100.8
-27 99
-26 92.5
-25 88.3
-24 95.4
-23 101.6
-22 104.1
-21 101.9
-20 90.2
-19 82.7
-18 98.6
-17 95.3
-16 100.6
-15 107.1
-14 105
-13 110.1
-12 93.9
-11 101.6
-10 83.4
-9 98.6
-8 101.6
-7 92.5
-6 99.5
-5 102.7
-4 109.9
-3 85.6
-2 107.2
-1 103.7
0 100.9
1 94
2 91.5
3 98
4 91
5 89.4
6 89
7 99.2
8 94.3
9 93.8
10 86.1
11 90.5
12 97.2
13 94.1
14 91.5
15 102.7
16 95.9
17 105.1
18 94.7
19 92.8
20 91.2
21 98.2
22 97.5
23 101
24 101.9
25 99.8
26 102.9
27 99.1
28 104.3
29 93.6
30 91.3
31 101.7
32 98.8
33 91.6
34 90.4
35 95.3
36 91.7
37 98.4
38 103.4
39 104.1
40 80.2
41 85.5
42 94.4
43 89.1
44 103.9
45 98.5
46 100.3
47 85.8
48 102.8
49 95.4
50 95.4
51 96.6
52 104.7
53 100.4
54 93.1
55 102.9
56 96.1
57 96.4
58 96.8
59 105.2
60 90.8
61 87.2
62 90.2
63 95.3
64 95.7
65 92.8
66 92.9
67 87.8
68 103.6
69 95.7
70 93.2
71 97.6
72 89.9
73 98.6
74 90.2
75 88
76 90.3
77 93.3
78 94.4
79 91.5
80 106.3
81 93.1
82 102.5
83 96.9
84 0
85 0
86 0
87 0
88 0
89 0
90 0
91 0
92 0
93 0
94 0
95 0
96 0
97 0
98 0
99 0
100 0
101 0
102 0
103 0
104 0
105 0
106 0
107 0
108 0
109 0
110 0
111 0
112 0
#############################



### angle = 6
-112 0
-111 0
-110 0
-109 0
-108 0
-107 0
-106 0
-105 0
-104 0
-103 0
-102 1
-101 2
-100 8.7
-99 7
-98 10.7
-97 13.7
-96 12.4
-95 17.1
-94 19.1
-93 23.8
-92 25.7
-91 28.6
-90 29.4
-89 30.9
-88 28.2
-87 34.5
-86 38.5
-85 36.1
-84 37.5
-83 52.4
-82 48.5
-81 55.7
-80 53.6
-79 56
-78 59.2
-77 58.4
-76 73.4
-75 59.8
-74 74.6
-73 72.2
-72 70
-71 89.8
-70 84.4
-69 80.9
-68 77.7
-67 80.3
-66 97.6
-65 88
-64 92.9
-63 95.1
-62 102.3
-61 90.8
-60 88.9
-59 111
-58 102.3
-57 98.2
-56 96.1
-55 106.4
-54 96.2
-53 103.7
-52 98.5
-51 93.4
-50 104.2
-49 93.7
-48 101
-47 102.7
-46 93.8
-45 102.1
-44 91.5
-43 93.4
-42 106
-41 102.5
-40 100.6
-39 104.2
-38 100.4
-37 100.3
-36 97.9
-35 108.9
-34 104.9
-33 94.4
-32 93.7
-31 109.5
-30 96.9
-29 96.7
-28 98.6
-27 98.6
-26 84.5
-25 104.7
-24 107
-23 106.3
-22 112
-21 94.4
-20 102.1
-19 103.7
-18 103.4
-17 96.7
-16 101.1
-15 95.6
-14 107.5
-13 98.3
-12 90.8
-11 91.6
-10 98
-9 106.7
-8 97.8
-7 97.4
-6 107.3
-5 106.3
-4 104.6
-3 100.3
-2 108.7
-1 96.7
0 95
1 104.4
2 100.7
3 110.1
4 107.4
5 98.5
6 100.9
7 106.4
8 104.5
9 98.9
10 104.7
11 104.7
12 105.3
13 97.1
14 102
15 99.7
16 101.4
17 103.8
18 102.6
19 93.4
20 103.8
21 97
22 88.3
23 98
24 88.7
25 95.5
26 104.2
27 99.4
28 91
29 101.9
30 111.3
31 95.5
32 98.6
33 108.9
34 107.3
35 109.1
36 89.6
37 100.4
38 109
39 98.1
40 105.2
41 100.1
42 100.6
43 96.6
44 96.3
45 107.6
46 94.9
47 102.4
48 98.1
49 98.5
50 89.5
51 99.5
52 98.2
53 99
54 90.1
55 112.9
56 105.5
57 110
58 88.6
59 91.1
60 99.9
61 99.4
62 86.9
63 92.9
64 92
65 84.1
66 94
67 78.9
68 79.7
69 80
70 68.1
71 83.6
72 65.6
73 74
74 59
75 60.4
76 62.5
77 50.1
78 54.9
79 52.9
80 52.8
81 39.3
82 45.2
83 41.5
84 44.2
85 38.2
86 32.5
87 34.9
88 32.1
89 26.9
90 22.5
91 25.1
92 20.1
93 18.8
94 16.4
95 14
96 12.7
97 10
98 6.7
99 3.7
100 3
101 0
102 0
103 0
104 0
105 0
106 0
107 0
108 0
109 0
110 0
111 0
112 0
#############################



### angle = 12
-112 0
-111 0
-110 1
-109 4
-108 5
-107 4.7
-106 8
-105 10.7
-104 9
-103 7.7
-102 13.4
-101 14.5
-100 14.3
-99 17.4
-98 19.9
-97 20
-96 23.4
-95 27.1
-94 25.9
-93 29.8
-92 30.8
-91 19.5
-90 27.4
-89 27.1
-88 34.1
-87 30.8
-86 34.8
-85 30.2
-84 41.3
-83 39.9
-82 46.1
-81 47.2
-80 49.5
-79 43.6
-78 51.9
-77 54.6
-76 53
-75 56.9
-74 58.6
-73 59.6
-72 61.8
-71 56.3
-70 58.9
-69 54.1
-68 59.9
-67 65.3
-66 59.3
-65 66.5
-64 69.4
-63 71.9
-62 69.2
-61 74.1
-60 74.8
-59 66.5
-58 67.4
-57 71.3
-56 76.3
-55 87.4
-54 85.5
-53 77.6
-52 84.4
-51 91.2
-50 88.4
-49 96.9
-48 88.7
-47 88.7
-46 93.3
-45 90.6
-44 93
-43 90
-42 107.3
-41 121.5
-40 103
-39 89.7
-38 108.9
-37 103
-36 112.5
-35 111.9
-34 113
-33 111.3
-32 120.8
-31 111.6
-30 112.3
-29 111.2
-28 123.9
-27 114.6
-26 117.4
-25 119.8
-24 116.9
-23 101.5
-22 117.4
-21 105
-20 101.3
-19 123.9
-18 112.4
-17 112.4
-16 104.9
-15 105.1
-14 114.3
-13 114.9
-12 108.3
-11 114.8
-10 124.6
-9 114.3
-8 124.6
-7 112.6
-6 123.3
-5 114.6
-4 130.5
-3 110.4
-2 101.8
-1 112.4
0 113.1
1 121.2
2 112.9
3 110.7
4 116.5
5 117.6
6 111.8
7 120.4
8 118.1
9 116.3
10 124.5
11 106.8
12 118.2
13 115.3
14 130.1
15 111.4
16 114.9
17 107.6
18 116.9
19 112.1
20 109.9
21 117.2
22 115.8
23 116.3
24 109.2
25 113
26 110.7
27 113.4
28 105.1
29 113.2
30 104.8
31 113
32 117.1
33 113.8
34 103.1
35 104.8
36 110.7
37 104.5
38 109
39 96.4
40 100.2
41 107.6
42 104.5
43 99.2
44 102.7
45 99.6
46 95.8
47 92.4
48 97.1
49 94.2
50 86.8
51 83.9
52 87.3
53 75.9
54 87
55 78.7
56 71.7
57 77.5
58 73.6
59 70.6
60 64.3
61 68.6
62 71.4
63 59.1
64 62.7
65 69.3
66 63.6
67 57.7
68 61.3
69 54.7
70 55.4
71 60.9
72 55.5
73 54.6
74 45.3
75 45.8
76 52.2
77 48.8
78 43.9
79 47.5
80 44.9
81 36.8
82 41.5
83 41.5
84 41.2
85 33.6
86 33.2
87 28.6
88 32.8
89 30.5
90 26.2
91 27.9
92 24.4
93 19.8
94 22.4
95 21.4
96 18.7
97 18.4
98 16.1
99 13
100 17.7
101 15.1
102 13.7
103 8.7
104 8.7
105 6.7
106 6.7
107 4.7
108 3
109 3
110 0
111 0
112 0
#############################



### angle = 18
-112 0
-111 0
-110 1
-109 3
-108 5
-107 6
-106 4.7
-105 7
-104 7.7
-103 12.7
-102 9
-101 13
-100 15.8
-99 17.1
-98 17.1
-97 18.1
-96 21.4
-95 21.8
-94 25.4
-93 24.1
-92 23.8
-91 29.1
-90 27
-89 31.7
-88 32.8
-87 31.9
-86 30.3
-85 36.1
-84 34.7
-83 38.2
-82 39.4
-81 42.1
-80 34.5
-79 46.4
-78 39.8
-77 47
-76 44.6
-75 53.2
-74 49.3
-73 54.8
-72 55.2
-71 52.9
-70 54.1
-69 55.3
-68 63.5
-67 54.3
-66 54.7
-65 64.3
-64 62.9
-63 63.9
-62 75.8
-61 61
-60 69.6
-59 71.2
-58 66.8
-57 68.1
-56 65.1
-55 68.6
-54 81
-53 75.3
-52 73.6
-51 77
-50 85.7
-49 90
-48 84.6
-47 76.2
-46 81.4
-45 82.9
-44 78.1
-43 87.2
-42 90.7
-41 92
-40 95.3
-39 105.6
-38 101.2
-37 95.3
-36 94.3
-35 107.8
-34 96.5
-33 105.7
-32 110.4
-31 105.9
-30 108.3
-29 104.8
-28 108.1
-27 108.1
-26 115
-25 109.9
-24 117
-23 116.5
-22 120.2
-21 111.6
-20 113.8
-19 122.9
-18 116.1
-17 125.9
-16 140.3
-15 125.1
-14 119.4
-13 137.6
-12 134.9
-11 132.4
-10 132.6
-9 132.9
-8 127.7
-7 137.4
-6 137.7
-5 128.8
-4 158
-3 137.7
-2 133.8
-1 157.5
0 158.9
1 149.9
2 137.5
3 149.6
4 140.6
5 134.7
6 137.6
7 132.2
8 144.7
9 132
10 124.8
11 116.7
12 122
13 131.5
14 131.5
15 125.3
16 128.5
17 138.9
18 119.9
19 127.5
20 124
21 121.6
22 105.7
23 128.8
24 112.7
25 117.3
26 115.5
27 112
28 115.4
29 110.9
30 110
31 100
32 98.4
33 100.7
34 86.4
35 101.1
36 107
37 100.6
38 101.2
39 94.7
40 94.1
41 86.5
42 94.1
43 88.2
44 86.4
45 87.9
46 96.1
47 83.1
48 87.9
49 81.3
50 75
51 74.1
52 77.6
53 70.3
54 71.5
55 66.4
56 77.5
57 70.5
58 66
59 64.8
60 72.5
61 64.1
62 62
63 64.6
64 55.8
65 66
66 59.4
67 59.6
68 54.2
69 50.6
70 54.6
71 55.6
72 55.2
73 47.2
74 41.4
75 47.3
76 45.2
77 40.2
78 37.6
79 42.6
80 37.9
81 41.2
82 41.1
83 31.9
84 35.2
85 33.7
86 29.5
87 30.5
88 29.5
89 29.1
90 27.4
91 19.4
92 25.1
93 22.1
94 20.8
95 15.4
96 18
97 13.7
98 20.1
99 21
100 10
101 11.1
102 12.7
103 10
104 8.7
105 8.4
106 5.1
107 5
108 4
109 3
110 1
111 0
112 0
#############################



### angle = 24
-112 0
-111 0
-110 0
-109 0
-108 0
-107 0
-106 0
-105 0
-104 0
-103 0
-102 0
-101 2
-100 5
-99 6
-98 7
-97 4.7
-96 9.3
-95 15.8
-94 11.7
-93 18.7
-92 17.1
-91 16.4
-90 22.1
-89 27.1
-88 28.5
-87 29.4
-86 26.5
-85 31.2
-84 37.9
-83 32.2
-82 34.3
-81 31.2
-80 35.4
-79 46.9
-78 47.4
-77 45.8
-76 50.2
-75 49.7
-74 44.1
-73 48.2
-72 49.3
-71 46
-70 60.8
-69 59.6
-68 64.3
-67 63
-66 60.9
-65 60.7
-64 65.7
-63 62.9
-62 68.7
-61 75.6
-60 75.4
-59 73.1
-58 69
-57 69.3
-56 80.3
-55 84.3
-54 77.7
-53 89.3
-52 89.7
-51 89
-50 92
-49 90
-48 86.3
-47 90.6
-46 96
-45 99.1
-44 113.1
-43 101.8
-42 95
-41 108.2
-40 110.5
-39 111.4
-38 102.9
-37 115.7
-36 115.6
-35 112.7
-34 119.3
-33 104.8
-32 116.9
-31 117.5
-30 126
-29 117.2
-28 110.1
-27 117.1
-26 121.6
-25 122.5
-24 129.8
-23 107.9
-22 119.6
-21 130.5
-20 126.7
-19 127.5
-18 129.5
-17 119.9
-16 117.4
-15 117.1
-14 127.9
-13 120.3
-12 128.1
-11 133.4
-10 116.8
-9 135.8
-8 116.6
-7 116.8
-6 116.3
-5 119.8
-4 115
-3 122.6
-2 114.5
-1 128.2
0 114.3
1 120.7
2 114.4
3 119.1
4 123.6
5 123.9
6 128.1
7 123.5
8 131.7
9 128.5
10 111
11 124.6
12 122.7
13 116.9
14 105.6
15 118.1
16 109.1
17 115.6
18 135.6
19 129.3
20 113.6
21 125.3
22 120.4
23 113.5
24 127.2
25 119
26 130.6
27 135.1
28 118.9
29 123.5
30 137.2
31 116.6
32 122.1
33 124.7
34 123.3
35 111.5
36 114.6
37 112.4
38 116.8
39 109.7
40 106.9
41 101.7
42 101.7
43 85.1
44 100.3
45 97.9
46 92.3
47 79.2
48 98.8
49 98.5
50 87.8
51 91
52 87.1
53 75.5
54 84.4
55 85.6
56 81.3
57 72
58 76.3
59 84
60 65.1
61 71.7
62 70
63 75.4
64 62.2
65 60.6
66 62.8
67 57.6
68 64
69 61.8
70 49.5
71 51.8
72 52.4
73 49.6
74 49.9
75 47.2
76 42.2
77 34.6
78 39.2
79 33.2
80 40.2
81 29.5
82 35.1
83 32.8
84 30.2
85 24.5
86 20.8
87 24
88 25.7
89 25.4
90 24.4
91 17.1
92 17.7
93 11
94 13.4
95 11.7
96 12
97 9.4
98 7.8
99 5
100 4
101 4
102 0
103 0
104 0
105 0
106 0
107 0
108 0
109 0
110 0
111 0
112 0
#############################



### angle = 30
-112 0
-111 0
-110 0
-109 0
-108 0
-107 0
-106 0
-105 0
-104 0
-103 0
-102 0
-101 0
-100 0
-99 0
-98 0
-97 0
-96 0
-95 0
-94 0
-93 0
-92 0
-91 0
-90 0
-89 0
-88 0
-87 0
-86 0
-85 2
-84 8
-83 9.3
-82 12.4
-81 17.1
-80 24.5
-79 33.1
-78 30.4
-77 35.2
-76 39.6
-75 53.5
-74 59.6
-73 65.9
-72 61.2
-71 63.3
-70 66.1
-69 75
-68 69.4
-67 86.7
-66 86
-65 87.9
-64 91.2
-63 93.2
-62 103.3
-61 102.4
-60 115.1
-59 113.9
-58 107.6
-57 110.4
-56 102.2
-55 110.8
-54 117.5
-53 108.8
-52 109.8
-51 107
-50 115.7
-49 101.8
-48 118.9
-47 117.5
-46 108
-45 118.5
-44 119.7
-43 110.2
-42 111.3
-41 109.7
-40 110.5
-39 107.7
-38 108.3
-37 110.5
-36 117.4
-35 119.2
-34 104.5
-33 117.7
-32 104
-31 119
-30 108.7
-29 114.8
-28 120
-27 115.7
-26 117.1
-25 118.1
-24 111.5
-23 98.9
-22 113.5
-21 102.2
-20 118.7
-19 111.2
-18 108.2
-17 111.8
-16 96.1
-15 107.1
-14 109.8
-13 113.6
-12 116.5
-11 119.4
-10 110.9
-9 110.2
-8 107.6
-7 105.8
-6 108.6
-5 112.8
-4 106.7
-3 109.7
-2 118.6
-1 112.5
0 116.7
1 108.9
2 101
3 107.4
4 115.3
5 117.7
6 114.3
7 109.3
8 108.8
9 117.7
10 100.9
11 103
12 105.2
13 102.8
14 119.9
15 107.5
16 114.8
17 110.6
18 110.9
19 109.2
20 108.8
21 113.7
22 108.4
23 108.8
24 113.7
25 112.6
26 105.4
27 104.7
28 115
29 107.7
30 123.1
31 107.4
32 107.5
33 112.6
34 116.1
35 114.3
36 115.8
37 111.8
38 107.7
39 107.2
40 107.5
41 108
42 110.3
43 107.1
44 109.4
45 119.7
46 107.2
47 120
48 115.6
49 127.3
50 108.9
51 110.7
52 108.7
53 112.3
54 111.8
55 125.6
56 114.5
57 102.3
58 120.7
59 126.3
60 120.4
61 109.2
62 104.5
63 96.1
64 91.6
65 89.1
66 84
67 69.2
68 81
69 73.4
70 58.8
71 61.8
72 57.7
73 54.9
74 44.9
75 48.1
76 36.9
77 31.2
78 32.1
79 30.4
80 20.4
81 16.1
82 15.7
83 12.7
84 6.4
85 4
86 0
87 0
88 0
89 0
90 0
91 0
92 0
93 0
94 0
95 0
96 0
97 0
98 0
99 0
100 0
101 0
102 0
103 0
104 0
105 0
106 0
107 0
108 0
109 0
110 0
111 0
112 0
#############################



### angle = 36
-112 0
-111 0
-110 0
-109 0
-108 0
-107 0
-106 0
-105 0
-104 0
-103 0
-102 0
-101 0
-100 0
-99 0
-98 0
-97 0
-96 0
-95 0
-94 0
-93 0
-92 0
-91 0
-90 0
-89 0
-88 0
-87 0
-86 0
-85 0
-84 0
-83 3
-82 7
-81 11.1
-80 20.5
-79 23.7
-78 29
-77 31.2
-76 37.5
-75 43.9
-74 47.6
-73 53.9
-72 66.2
-71 64.7
-70 64.3
-69 77.4
-68 85.3
-67 91
-66 86.1
-65 102.9
-64 89.7
-63 108.8
-62 111.4
-61 109.2
-60 120.7
-59 121.8
-58 110.1
-57 124.8
-56 113
-55 106.7
-54 110.8
-53 113.7
-52 112.2
-51 120.3
-50 106.9
-49 121.8
-48 115.6
-47 117.4
-46 110.2
-45 105.5
-44 108.3
-43 104.6
-42 109.3
-41 119.1
-40 111.4
-39 109
-38 113.1
-37 125.1
-36 110.9
-35 111.4
-34 104
-33 108.5
-32 116.2
-31 110.8
-30 106.6
-29 107.8
-28 108.4
-27 113.2
-26 111.5
-25 100.4
-24 102.7
-23 110.7
-22 116.9
-21 109.6
-20 116.4
-19 101.3
-18 121.3
-17 102.7
-16 113.4
-15 100.5
-14 110.8
-13 113.4
-12 119
-11 101.5
-10 118
-9 110.2
-8 111.1
-7 109.8
-6 115.6
-5 107.9
-4 113.2
-3 114.8
-2 107.5
-1 117.1
0 117.3
1 110
2 111
3 105.6
4 109.5
5 104.2
6 112.5
7 104
8 99
9 115.6
10 103.1
11 95.1
12 107.3
13 114.2
14 111.9
15 106.6
16 107.7
17 108.5
18 106.8
19 114.6
20 109
21 120.4
22 111.7
23 110.8
24 109.3
25 107.8
26 123.6
27 105.9
28 101
29 123.1
30 116.3
31 110.8
32 109.9
33 98
34 105.2
35 111.5
36 101.3
37 103.6
38 112.5
39 114.7
40 118.3
41 110.3
42 112.8
43 107.9
44 119.3
45 107.2
46 109
47 116.5
48 109.6
49 107.5
50 113.4
51 106.6
52 115.7
53 108.7
54 116
55 118.7
56 110.1
57 116.2
58 112.8
59 120.7
60 113.5
61 99.4
62 113.6
63 111.2
64 109
65 93.3
66 94.5
67 86.5
68 77.2
69 75.7
70 66.4
71 68.2
72 65
73 64.1
74 49
75 49.7
76 37.6
77 39.2
78 29.5
79 23.1
80 18.9
81 13
82 10.9
83 5.9
84 0
85 0
86 0
87 0
88 0
89 0
90 0
91 0
92 0
93 0
94 0
95 0
96 0
97 0
98 0
99 0
100 0
101 0
102 0
103 0
104 0
105 0
106 0
107 0
108 0
109 0
110 0
111 0
112 0
#############################



### angle = 42
-112 0
-111 0
-110 0
-109 0
-108 0
-107 0
-106 0
-105 0
-104 0
-103 0
-102 0
-101 0
-100 2
-99 3
-98 5
-97 4.7
-96 9
-95 8.4
-94 9.7
-93 17.4
-92 17.8
-91 20.8
-90 20.7
-89 21.4
-88 25.4
-87 23.5
-86 21.7
-85 30.5
-84 29.1
-83 29
-82 36.8
-81 32.1
-80 34.1
-79 36.8
-78 40.1
-77 46.3
-76 41.8
-75 49.5
-74 50.8
-73 48.2
-72 58.8
-71 55.3
-70 54.1
-69 56.6
-68 48
-67 56.2
-66 57
-65 69.1
-64 62
-63 71.6
-62 69
-61 80.2
-60 91.9
-59 77
-58 80.3
-57 82
-56 84.8
-55 79.3
-54 90
-53 88.7
-52 88.5
-51 91.4
-50 87.9
-49 97.5
-48 90.1
-47 103.8
-46 87.2
-45 105.5
-44 99
-43 107.7
-42 117.2
-41 107
-40 116
-39 117.2
-38 117.2
-37 113.1
-36 115.7
-35 116.2
-34 115.9
-33 107.4
-32 123.3
-31 124.2
-30 113.8
-29 120.7
-28 125.2
-27 118.2
-26 108.1
-25 120.1
-24 122.2
-23 118.1
-22 113.7
-21 110.4
-20 119.5
-19 123
-18 119
-17 115.3
-16 123.3
-15 122.3
-14 120.5
-13 111.7
-12 115.8
-11 113.9
-10 123.2
-9 122.5
-8 129.4
-7 138.4
-6 134.2
-5 123.1
-4 106.2
-3 112.8
-2 111.5
-1 123.4
0 122.2
1 108.8
2 106.6
3 122.6
4 122.7
5 122.5
6 113
7 107.7
8 113.6
9 131.3
10 122.3
11 106.4
12 122.1
13 115.5
14 124.8
15 128.8
16 127.5
17 119.3
18 107.9
19 128.9
20 116
21 120.9
22 119.7
23 111.8
24 110.4
25 112.3
26 113.5
27 129.5
28 112.3
29 125.7
30 121.1
31 118.8
32 129.5
33 124.5
34 119.6
35 125.3
36 117
37 119.7
38 111.7
39 111.5
40 105.9
41 97.9
42 96.4
43 101.2
44 97
45 92.2
46 98.1
47 101.7
48 91.9
49 100.1
50 99.2
51 89.3
52 88.3
53 83.8
54 83.6
55 82.8
56 85
57 78.4
58 76.8
59 75.6
60 72.4
61 69
62 75.2
63 78
64 73.6
65 58.9
66 63.3
67 58.4
68 60.5
69 66.5
70 53.9
71 48.9
72 43.9
73 53.2
74 47
75 39.9
76 45.5
77 41.1
78 45.3
79 45.5
80 37.8
81 45
82 33
83 33.3
84 35.2
85 26.7
86 25.2
87 32.7
88 27.6
89 19.6
90 24
91 20.7
92 12.8
93 12
94 19.4
95 9.6
96 7.4
97 10.2
98 6.3
99 6.6
100 1.6
101 1.3
102 0
103 0
104 0
105 0
106 0
107 0
108 0
109 0
110 0
111 0
112 0
#############################



### angle = 48
-112 0
-111 0
-110 1
-109 0
-108 4
-107 4
-106 3.7
-105 7
-104 6
-103 8.1
-102 11.4
-101 12.3
-100 17
-99 19.8
-98 14.1
-97 20.8
-96 19.7
-95 20.7
-94 21.1
-93 20.7
-92 26
-91 22.9
-90 27.1
-89 29.1
-88 27.8
-87 33.1
-86 36.5
-85 37.1
-84 37.1
-83 36.4
-82 34.8
-81 35.1
-80 36.5
-79 37.4
-78 45.8
-77 36.5
-76 40.3
-75 45.1
-74 56.3
-73 51.9
-72 42.6
-71 57.2
-70 57.4
-69 59.1
-68 55.7
-67 60.8
-66 53.1
-65 68
-64 61.8
-63 60.3
-62 67.2
-61 60
-60 65.3
-59 69
-58 72.9
-57 75.3
-56 66.1
-55 79.6
-54 77.4
-53 75.9
-52 89.4
-51 76.3
-50 83.2
-49 87.4
-48 95.7
-47 86.3
-46 97.7
-45 70
-44 84.6
-43 91.3
-42 93.3
-41 74.5
-40 81.7
-39 102.2
-38 101
-37 108.6
-36 106.6
-35 92
-34 97.6
-33 100.8
-32 97.2
-31 91.8
-30 102.3
-29 109.3
-28 114
-27 119.2
-26 123.1
-25 124.2
-24 107.4
-23 121.2
-22 124.4
-21 123.8
-20 125.6
-19 113.3
-18 131.1
-17 122.2
-16 130
-15 123
-14 104
-13 125.9
-12 133.7
-11 131.6
-10 129.3
-9 142.2
-8 132.2
-7 135.6
-6 135.5
-5 132.6
-4 142.3
-3 129.6
-2 149.1
-1 147.4
0 143.5
1 148.1
2 122.4
3 154
4 142.1
5 153.7
6 134.2
7 140.1
8 120.2
9 140.2
10 133.4
11 136.9
12 134.6
13 111
14 132.2
15 120.6
16 118
17 122.2
18 108.3
19 130.1
20 137.2
21 121
22 111.4
23 95
24 128.8
25 116.8
26 122.3
27 115.8
28 91.8
29 105.7
30 107.5
31 108.3
32 106.7
33 102.7
34 87.8
35 105.5
36 107.1
37 96.3
38 94.2
39 95.4
40 101.5
41 99.6
42 85.9
43 91.5
44 81.4
45 84.7
46 85.6
47 85.9
48 77.8
49 72.1
50 81.9
51 86.6
52 82.1
53 84.2
54 71.7
55 66.2
56 69.1
57 69.2
58 71.5
59 75.4
60 65.4
61 72.7
62 67.9
63 69.3
64 67.1
65 51.1
66 61.3
67 63.6
68 46.6
69 61.1
70 50.4
71 40.3
72 53.5
73 55.8
74 52.4
75 48.9
76 39.1
77 42.5
78 40.4
79 42.4
80 42.7
81 37.2
82 38.6
83 35.8
84 36.7
85 35.5
86 31.2
87 35.6
88 29.4
89 29.9
90 28.7
91 29.7
92 26.2
93 25.4
94 18.9
95 22.7
96 26.8
97 14.5
98 17.8
99 20
100 17.4
101 13.9
102 10.2
103 6.4
104 8.9
105 10.1
106 7.2
107 7.9
108 3.3
109 2.6
110 1.3
111 0
112 0
#############################



### angle = 54
-112 0
-111 0
-110 1
-109 3
-108 4
-107 4
-106 6.7
-105 6.7
-104 9
-103 8.1
-102 16.4
-101 15.7
-100 15.3
-99 20.1
-98 18.7
-97 21.7
-96 24.4
-95 18.8
-94 22.8
-93 25.7
-92 27.5
-91 27.5
-90 25.1
-89 38.8
-88 32.4
-87 35.1
-86 39.3
-85 33.8
-84 39.1
-83 38.1
-82 41.4
-81 43.2
-80 46.8
-79 39.4
-78 44.5
-77 46.1
-76 46.9
-75 42.7
-74 48.4
-73 55.5
-72 48.8
-71 57.9
-70 56.1
-69 54.5
-68 64.2
-67 63.7
-66 57.7
-65 64.7
-64 61.5
-63 72
-62 74.6
-61 72.6
-60 76.9
-59 74.1
-58 79
-57 78.1
-56 76.1
-55 81.7
-54 81
-53 88.3
-52 84.2
-51 75.3
-50 92.4
-49 86.7
-48 80.2
-47 92
-46 92.2
-45 93.6
-44 103
-43 86.3
-42 96.8
-41 91.3
-40 99.2
-39 107.6
-38 105.8
-37 114.8
-36 107.7
-35 103.4
-34 106.4
-33 105.1
-32 113.1
-31 102.5
-30 112.8
-29 113.5
-28 119.8
-27 115.1
-26 114.9
-25 121.3
-24 113.6
-23 108.5
-22 119.8
-21 112
-20 118.6
-19 112.9
-18 124.3
-17 131.3
-16 120
-15 120.4
-14 112.5
-13 113.1
-12 122.6
-11 113.1
-10 117.5
-9 115
-8 117.8
-7 107
-6 117.9
-5 115.5
-4 123.4
-3 112.7
-2 122.7
-1 108.8
0 98.3
1 119.4
2 128.9
3 112.3
4 115.2
5 121
6 116.7
7 118.4
8 114.3
9 105.5
10 111.7
11 111.4
12 115.2
13 98.5
14 114.5
15 115.2
16 112.4
17 120.5
18 116.4
19 118.9
20 115.7
21 119.7
22 113.2
23 117.3
24 110.2
25 130.4
26 105
27 115.5
28 122.6
29 97.3
30 113.4
31 110.3
32 109.1
33 112.3
34 113
35 117.6
36 105.8
37 103.2
38 107.4
39 101.9
40 106.5
41 106.6
42 97
43 98.9
44 100.1
45 88.8
46 90.3
47 87.9
48 89.9
49 88.9
50 85
51 81.5
52 84.9
53 80.6
54 75.1
55 76.6
56 86.2
57 71.5
58 71.3
59 79.8
60 77.7
61 70.8
62 64.9
63 57.3
64 67.8
65 60.4
66 71.7
67 61.6
68 57.4
69 57
70 55.9
71 56.3
72 58
73 49.2
74 53.3
75 54.1
76 45.9
77 56.5
78 40.8
79 41
80 35.4
81 43.8
82 40.1
83 44.3
84 35.7
85 37.8
86 33.9
87 40.2
88 36.8
89 27.8
90 28
91 25.5
92 29.5
93 32.2
94 19.9
95 25.1
96 24.6
97 22.4
98 22.9
99 16.5
100 19.4
101 16.1
102 11.6
103 13.3
104 6.9
105 8.5
106 9.2
107 8.5
108 7.9
109 2.3
110 1.3
111 1.3
112 0
#############################



### angle = 60
-112 0
-111 0
-110 0
-109 0
-108 0
-107 0
-106 0
-105 0
-104 0
-103 0
-102 1
-101 3
-100 5
-99 10
-98 8.4
-97 13.1
-96 14
-95 21.1
-94 23.7
-93 25.1
-92 24.4
-91 30.4
-90 28.7
-89 22.8
-88 36.2
-87 37.5
-86 39.7
-85 38.6
-84 45.8
-83 46.5
-82 47.2
-81 44.3
-80 52.4
-79 52.5
-78 54.9
-77 56.9
-76 48.7
-75 63.3
-74 57.2
-73 62.6
-72 70.9
-71 64.4
-70 73
-69 79.2
-68 82
-67 90.8
-66 76.8
-65 87.3
-64 80.8
-63 81.8
-62 90.2
-61 95.7
-60 82.7
-59 101.4
-58 111.7
-57 98.2
-56 100.7
-55 106.8
-54 91.7
-53 88.5
-52 98.2
-51 101.9
-50 104.2
-49 111.1
-48 103.3
-47 102.8
-46 104
-45 99.8
-44 91.4
-43 106.2
-42 98.9
-41 105.9
-40 104.2
-39 110.8
-38 88.9
-37 107.4
-36 106.7
-35 103.2
-34 117.5
-33 94.4
-32 100.4
-31 99.5
-30 104.5
-29 98.9
-28 96.4
-27 94.1
-26 98.9
-25 95.9
-24 104.7
-23 107.2
-22 104.3
-21 104.1
-20 98.4
-19 105.5
-18 103.3
-17 93
-16 94.1
-15 92.2
-14 107.1
-13 99.1
-12 93.8
-11 100.1
-10 101.3
-9 109.8
-8 100.8
-7 108.6
-6 101.3
-5 101.2
-4 105
-3 100.7
-2 92.1
-1 95.1
0 100.6
1 105.1
2 99.6
3 101.9
4 98.1
5 93.9
6 108.4
7 101.4
8 109.2
9 104
10 102.1
11 85
12 100.7
13 79.1
14 108.9
15 101.3
16 105.5
17 112.8
18 104.5
19 96.5
20 108.7
21 95.5
22 107.8
23 111.6
24 96.2
25 111.5
26 99.8
27 107.2
28 96.1
29 104.9
30 98.6
31 101.9
32 91.4
33 94.9
34 102.1
35 94.4
36 99.3
37 106.8
38 104
39 98.5
40 105.7
41 111.1
42 101.6
43 111
44 95.6
45 104.7
46 103.6
47 108.7
48 99.8
49 97.4
50 94.9
51 97
52 88.1
53 101.6
54 93.9
55 95.6
56 103
57 90.3
58 112.9
59 102
60 99.4
61 94.3
62 89.1
63 87.5
64 85.7
65 81.4
66 86.7
67 79
68 74.4
69 72.1
70 77.6
71 67.8
72 65.2
73 62.9
74 69.4
75 57.8
76 55.8
77 55.6
78 54.4
79 52.3
80 49.6
81 48.6
82 41.8
83 47.2
84 41.8
85 38
86 39
87 44.9
88 37.8
89 32.9
90 31.3
91 27.6
92 22.5
93 21.9
94 25.2
95 15.9
96 16.2
97 14.3
98 10.6
99 10.2
100 9.8
101 7.6
102 1.3
103 0
104 0
105 0
106 0
107 0
108 0
109 0
110 0
111 0
112 0
#############################



### angle = 66
-112 0
-111 0
-110 0
-109 0
-108 0
-107 0
-106 0
-105 0
-104 0
-103 0
-102 0
-101 0
-100 0
-99 0
-98 0
-97 0
-96 0
-95 0
-94 0
-93 0
-92 0
-91 0
-90 0
-89 0
-88 0
-87 0
-86 7
-85 39.8
-84 65.9
-83 83.3
-82 101.5
-81 91.1
-80 93.9
-79 99.5
-78 88.1
-77 92.1
-76 96.4
-75 92.7
-74 93.9
-73 87.8
-72 92.2
-71 98.6
-70 96.1
-69 96.8
-68 90.7
-67 93.5
-66 100.2
-65 91.2
-64 92.4
-63 90.2
-62 89.4
-61 91
-60 99.7
-59 101.7
-58 102.8
-57 97.7
-56 88.2
-55 102.7
-54 105.7
-53 93.6
-52 99.7
-51 91.7
-50 97.7
-49 100.4
-48 101
-47 90.1
-46 101.9
-45 92.2
-44 95.1
-43 93.4
-42 89.2
-41 96.4
-40 84.1
-39 99.1
-38 103.7
-37 85.5
-36 96.9
-35 102.8
-34 93.1
-33 88.2
-32 103.8
-31 96.5
-30 98.9
-29 99.6
-28 97.4
-27 104
-26 101.6
-25 106.9
-24 93.8
-23 91.6
-22 106.4
-21 86.1
-20 84.7
-19 88.8
-18 114.3
-17 98.3
-16 94.1
-15 102.5
-14 93.2
-13 85.2
-12 98.6
-11 87.1
-10 108.9
-9 88
-8 98.8
-7 89.3
-6 88.4
-5 90
-4 91.1
-3 82.8
-2 107.6
-1 108.9
0 94.5
1 102.7
2 101.1
3 101.2
4 92.8
5 97.7
6 100.2
7 97.7
8 98.3
9 99
10 89.3
11 99.6
12 109.4
13 105.5
14 105
15 98.4
16 95.6
17 89.6
18 93
19 93.4
20 96.3
21 102.6
22 99.8
23 96.9
24 99.4
25 86.8
26 96
27 100.1
28 99.9
29 100.8
30 89.3
31 85.6
32 96.6
33 99.1
34 102.1
35 98
36 95.5
37 88.8
38 81.2
39 92.5
40 100.3
41 88.5
42 99.8
43 105.7
44 107.3
45 94.7
46 98.7
47 99.5
48 100.6
49 94.6
50 96.9
51 94.6
52 95.8
53 95.6
54 99
55 98.1
56 94.9
57 102.6
58 95.8
59 100.9
60 93.3
61 91.4
62 80.8
63 96.6
64 100.2
65 92.8
66 81.2
67 97.3
68 97.1
69 90.5
70 93
71 94.7
72 98.8
73 95.9
74 92
75 98
76 93.2
77 98.1
78 98.7
79 91.5
80 88.9
81 85.3
82 99.9
83 83.7
84 56.4
85 41.6
86 11.6
87 0
88 0
89 0
90 0
91 0
92 0
93 0
94 0
95 0
96 0
97 0
98 0
99 0
100 0
101 0
102 0
103 0
104 0
105 0
106 0
107 0
108 0
109 0
110 0
111 0
112 0
#############################



### angle = 72
-112 0
-111 0
-110 0
-109 0
-108 0
-107 0
-106 0
-105 0
-104 0
-103 0
-102 0
-101 0
-100 2
-99 3.7
-98 5.7
-97 12
-96 10.7
-95 14
-94 19.4
-93 16.1
-92 26.1
-91 26.9
-90 24.8
-89 28.2
-88 32.2
-87 36.5
-86 32.6
-85 44.1
-84 45.8
-83 47.7
-82 40.8
-81 53.5
-80 47.3
-79 59.3
-78 54.9
-77 60.4
-76 65.6
-75 62
-74 72.8
-73 70.3
-72 86.2
-71 81.5
-70 76.3
-69 84.2
-68 88.4
-67 87.5
-66 100
-65 97.4
-64 100.8
-63 88.6
-62 88.6
-61 101.6
-60 90.2
-59 102.7
-58 105.7
-57 98.8
-56 101
-55 106
-54 90.4
-53 102.9
-52 89.1
-51 93.1
-50 99.1
-49 103.7
-48 94.2
-47 96.3
-46 107.5
-45 96
-44 97.2
-43 100.2
-42 111.7
-41 90.9
-40 100.2
-39 97.5
-38 101.9
-37 98.5
-36 102.9
-35 107.6
-34 104.5
-33 97.4
-32 102
-31 101.4
-30 98.7
-29 95
-28 110
-27 93.9
-26 96.2
-25 85.8
-24 97.7
-23 91.7
-22 94.3
-21 90.9
-20 107.9
-19 102
-18 102.8
-17 96.6
-16 105.4
-15 104.2
-14 90.6
-13 97
-12 110.1
-11 100.7
-10 105.5
-9 97.7
-8 105.1
-7 107.2
-6 98.4
-5 104.4
-4 95.2
-3 108.6
-2 101.1
-1 95.1
0 99.4
1 103
2 103.2
3 94.2
4 107.1
5 103.7
6 109.9
7 98.2
8 100.8
9 92.6
10 96.9
11 87.5
12 98.9
13 97.7
14 108.8
15 99
16 104
17 93.4
18 105
19 95.3
20 112.6
21 103.4
22 107.8
23 89.9
24 97.8
25 99.1
26 96.9
27 97.4
28 98.8
29 94.6
30 108.4
31 98.6
32 94.2
33 101.7
34 96
35 99.6
36 105
37 102.4
38 97
39 99.7
40 101.1
41 114.1
42 89.8
43 87.2
44 96.7
45 102
46 95.5
47 100.3
48 96.3
49 97.8
50 106.3
51 97.6
52 97.5
53 96.9
54 91.5
55 103.7
56 104.4
57 103.4
58 95.1
59 100.3
60 95.3
61 103.4
62 91.3
63 97.3
64 89.1
65 98.4
66 96.6
67 81.9
68 83.1
69 87.8
70 86
71 75.8
72 79.1
73 78.7
74 71
75 62.1
76 65.7
77 60.2
78 54.9
79 63.6
80 50.9
81 56.5
82 42.2
83 42.8
84 38
85 38.6
86 30.8
87 28.6
88 30.4
89 32.6
90 27.4
91 23.1
92 20.8
93 19.4
94 15.4
95 12.7
96 11.4
97 7.7
98 7
99 3
100 0
101 0
102 0
103 0
104 0
105 0
106 0
107 0
108 0
109 0
110 0
111 0
112 0
#############################



### angle = 78
-112 0
-111 0
-110 1
-109 3
-108 4
-107 6.4
-106 7
-105 8.7
-104 9.7
-103 10.7
-102 13.4
-101 16.4
-100 15.7
-99 15.7
-98 14.8
-97 21.4
-96 20
-95 20.4
-94 24.5
-93 23.8
-92 28.1
-91 26.6
-90 28.1
-89 34.2
-88 26.9
-87 35.5
-86 32.4
-85 44.1
-84 37.5
-83 38.5
-82 47.2
-81 40.5
-80 51.6
-79 42.2
-78 51.8
-77 43.5
-76 51.1
-75 51
-74 50.2
-73 60.8
-72 52.4
-71 53.7
-70 66.8
-69 62.5
-68 57.1
-67 62.2
-66 67.3
-65 64.4
-64 65.7
-63 73.6
-62 67.9
-61 65.3
-60 73.6
-59 69.3
-58 78.2
-57 81.7
-56 80.5
-55 84.7
-54 74.8
-53 82.8
-52 86.7
-51 98.9
-50 92
-49 91.1
-48 102.4
-47 93.9
-46 99
-45 112.9
-44 109.1
-43 104.9
-42 101.3
-41 94.3
-40 103.8
-39 109.5
-38 114.6
-37 105.6
-36 104.8
-35 111.3
-34 99.6
-33 118.5
-32 116.4
-31 106.5
-30 98.9
-29 110.6
-28 115.8
-27 109.7
-26 111.7
-25 107.1
-24 107.8
-23 116.1
-22 121.6
-21 111.2
-20 105.4
-19 111.4
-18 103.9
-17 115.8
-16 116.7
-15 126.6
-14 120.5
-13 103.7
-12 116.7
-11 114.4
-10 106.7
-9 120.8
-8 116.6
-7 106.8
-6 121.9
-5 109
-4 117.7
-3 120.2
-2 97.5
-1 110.1
0 109.1
1 114.8
2 117
3 124.5
4 113.8
5 115.4
6 114.1
7 118.8
8 114.6
9 122.7
10 103.4
11 112.5
12 107.8
13 119.9
14 112.4
15 102.9
16 108.4
17 106.1
18 110.8
19 115.9
20 101.5
21 104.6
22 106.6
23 113.3
24 112.1
25 105.1
26 122.7
27 121
28 112
29 117
30 108.7
31 112.5
32 116.3
33 116
34 109.7
35 115.3
36 110
37 102.6
38 107.9
39 100.4
40 103.1
41 107.8
42 104.3
43 106.3
44 96.7
45 88.6
46 82.6
47 96.2
48 92.6
49 94.4
50 82.9
51 92.8
52 84.3
53 80.8
54 79.6
55 84.8
56 78.5
57 69
58 69.1
59 69.8
60 77.1
61 70.7
62 77
63 68.1
64 64.1
65 63.4
66 66.2
67 61.3
68 59.5
69 60.8
70 52.1
71 61.6
72 61.6
73 61.4
74 56.4
75 52.8
76 55.3
77 48.8
78 48.2
79 52.2
80 44.2
81 47.4
82 40.2
83 33.2
84 39.6
85 33.9
86 34.1
87 29.1
88 28.4
89 26.1
90 22.8
91 30.8
92 30.5
93 25.2
94 23.8
95 24.7
96 20.4
97 19.9
98 18.3
99 16.4
100 9.1
101 11.4
102 10.7
103 9
104 10.7
105 5
106 5.7
107 5
108 2
109 1
110 0
111 0
112 0
#############################



### angle = 84
-112 0
-111 1
-110 4
-109 3
-108 9.4
-107 1.7
-106 10.4
-105 9.7
-104 9.7
-103 11.7
-102 11.4
-101 12
-100 23
-99 19.1
-98 13.7
-97 18
-96 16.4
-95 21.2
-94 23.7
-93 22.1
-92 20.4
-91 27.4
-90 30.1
-89 28.9
-88 29.8
-87 32.3
-86 35.3
-85 33.9
-84 34.8
-83 37.8
-82 41.2
-81 41.5
-80 42.3
-79 34.6
-78 42.3
-77 46.5
-76 44.4
-75 41.5
-74 53.6
-73 51.3
-72 57.9
-71 48.6
-70 51.1
-69 59.3
-68 57.6
-67 63.4
-66 57.9
-65 66.6
-64 60
-63 63
-62 58.6
-61 69
-60 64.6
-59 75.4
-58 70.9
-57 66.5
-56 67.7
-55 74.1
-54 67.7
-53 81.5
-52 72.3
-51 79.8
-50 86.4
-49 79.8
-48 82.6
-47 93.1
-46 90.6
-45 90.5
-44 86.3
-43 91.3
-42 92
-41 86.1
-40 103.5
-39 102
-38 105.2
-37 98.9
-36 98.7
-35 93.4
-34 98.5
-33 98.4
-32 96
-31 111.4
-30 109
-29 112.6
-28 115.3
-27 110.2
-26 125.8
-25 120.2
-24 112.4
-23 123.5
-22 111.5
-21 114.6
-20 126.9
-19 134.1
-18 126.7
-17 128.6
-16 127.1
-15 125.1
-14 129.6
-13 120.6
-12 124.8
-11 129.1
-10 118.8
-9 138.2
-8 143.7
-7 144.3
-6 140.7
-5 135.7
-4 144.7
-3 138.6
-2 150.2
-1 152.7
0 143.6
1 143.5
2 139.8
3 134.2
4 141.1
5 137.8
6 142.9
7 132.5
8 121.3
9 136.9
10 126.8
11 144.8
12 125.4
13 134.7
14 124.9
15 124.2
16 118.6
17 121.8
18 118
19 124.3
20 117
21 123.5
22 119
23 112.5
24 108
25 106.4
26 113.7
27 108.6
28 104.7
29 105.7
30 113.9
31 102.9
32 105.1
33 105.8
34 101.5
35 90.1
36 93.8
37 100.6
38 103.4
39 101.1
40 90.1
41 88.4
42 88.7
43 76.2
44 86.1
45 88.5
46 72.5
47 81.4
48 91.1
49 88.7
50 84.3
51 77.5
52 67.7
53 74
54 68.6
55 65.6
56 64.6
57 80.5
58 66.5
59 65
60 68.5
61 61.9
62 67.6
63 63.6
64 64.5
65 58.8
66 56.6
67 51.9
68 61.2
69 56.9
70 54.8
71 55.5
72 51.5
73 55.6
74 46.2
75 45
76 50.2
77 41.3
78 45.5
79 37.4
80 38.8
81 40.1
82 38.8
83 38.7
84 31.1
85 33.5
86 32.6
87 29.2
88 32.4
89 28.2
90 28.5
91 24.5
92 22.1
93 27.4
94 24.4
95 19.5
96 20.4
97 15.4
98 18.8
99 18.5
100 12
101 10
102 11.7
103 7
104 8.7
105 6
106 4.7
107 7
108 3
109 2
110 0
111 0
112 0
#############################



### angle = 90
-112 0
-111 0
-110 0
-109 0
-108 0
-107 0
-106 0
-105 0
-104 1
-103 3
-102 4
-101 5
-100 8.5
-99 8.7
-98 11
-97 10.7
-96 16.4
-95 12
-94 13.7
-93 15.1
-92 30.4
-91 22.4
-90 22.4
-89 21.3
-88 23.8
-87 23.5
-86 30.5
-85 24.5
-84 33
-83 40.6
-82 32
-81 34.6
-80 27.3
-79 51.9
-78 34.9
-77 36.5
-76 46.5
-75 60.1
-74 49.6
-73 43.7
-72 43.3
-71 65.9
-70 61.1
-69 52.2
-68 55.7
-67 62.5
-66 71.9
-65 55.9
-64 68.9
-63 62.8
-62 90.1
-61 62.1
-60 71.3
-59 66.2
-58 94
-57 75.1
-56 78.2
-55 72.2
-54 89.6
-53 92
-52 78.4
-51 80.5
-50 88.4
-49 116.3
-48 73.4
-47 82.1
-46 90
-45 112.9
-44 88
-43 89.2
-42 88.6
-41 114.5
-40 117.7
-39 102.6
-38 101.7
-37 119.2
-36 130.8
-35 100.2
-34 104.2
-33 120.6
-32 148.7
-31 114.7
-30 119.1
-29 117.1
-28 142.9
-27 133.7
-26 115.1
-25 124.7
-24 135.2
-23 126
-22 106.8
-21 110.3
-20 146.2
-19 135
-18 114.6
-17 103.8
-16 134.7
-15 127.5
-14 105.8
-13 99.2
-12 126.7
-11 141.9
-10 126.9
-9 108
-8 126.1
-7 138.9
-6 125.3
-5 109.4
-4 114.9
-3 147.3
-2 132.4
-1 112.9
0 121.3
1 117.5
2 141.1
3 108.9
4 97.3
5 119.7
6 135
7 117.6
8 114.2
9 125.8
10 148.9
11 119.9
12 113.1
13 114.9
14 147.3
15 141.6
16 97.4
17 108.1
18 138.4
19 148.8
20 109.7
21 119.7
22 132.2
23 140.7
24 111.8
25 104.7
26 121.3
27 135.6
28 105.9
29 110.7
30 119.4
31 136.3
32 110.8
33 89.9
34 100
35 130.7
36 118.1
37 100.5
38 82.3
39 118.2
40 124.8
41 82.1
42 94.6
43 91.6
44 123.2
45 90.3
46 78.3
47 86.4
48 104.5
49 84.1
50 79.2
51 81.9
52 91.8
53 90.7
54 73.9
55 62.9
56 76.2
57 88.2
58 65.1
59 63.6
60 62.3
61 97.8
62 63.1
63 55.6
64 44
65 75.1
66 68.6
67 52.2
68 53
69 69.7
70 56.2
71 48
72 37.4
73 39.8
74 61.7
75 44.6
76 41.8
77 40.8
78 60.8
79 36.8
80 30.7
81 25.9
82 44.3
83 32.9
84 28.2
85 27.6
86 27.4
87 36.1
88 22.8
89 24.7
90 18.5
91 21.1
92 18.1
93 15
94 11.7
95 16.8
96 9.3
97 3.7
98 6
99 8
100 5
101 2
102 0
103 0
104 0
105 0
106 0
107 0
108 0
109 0
110 0
111 0
112 0
#############################



### angle = 96
-112 0
-111 0
-110 0
-109 0
-108 0
-107 0
-106 0
-105 0
-104 0
-103 0
-102 0
-101 0
-100 0
-99 0
-98 0
-97 0
-96 0
-95 0
-94 0
-93 0
-92 0
-91 0
-90 0
-89 0
-88 2
-87 6
-86 10.1
-85 16.7
-84 10.7
-83 18.1
-82 22.4
-81 31
-80 26.8
-79 32.5
-78 37.3
-77 38.1
-76 47.8
-75 45.6
-74 53.9
-73 53
-72 52
-71 64.1
-70 69.1
-69 78.2
-68 67
-67 79.4
-66 83.6
-65 86.6
-64 91.6
-63 94.4
-62 106.9
-61 105.8
-60 108.2
-59 110.3
-58 123.7
-57 116.3
-56 109.2
-55 108.5
-54 111
-53 113.1
-52 122.4
-51 119.8
-50 120.4
-49 112.7
-48 116.3
-47 125.9
-46 107
-45 102.4
-44 113.5
-43 113.6
-42 112.7
-41 111.5
-40 112
-39 99.1
-38 111.9
-37 120.3
-36 107.7
-35 109.5
-34 116.5
-33 118.4
-32 110.4
-31 110.6
-30 113.6
-29 98
-28 115
-27 115.1
-26 109.8
-25 108.6
-24 115.9
-23 120.5
-22 111.8
-21 107.9
-20 101.3
-19 111
-18 119.4
-17 117.7
-16 101
-15 112.7
-14 111.6
-13 92.4
-12 123.2
-11 111.8
-10 105.9
-9 111.1
-8 106.5
-7 113.6
-6 102.5
-5 112
-4 112.1
-3 104.5
-2 119.4
-1 119.8
0 110.6
1 106.7
2 111.2
3 112.6
4 109.1
5 117.6
6 112.9
7 105.1
8 113.6
9 115
10 110.3
11 124.2
12 115.2
13 104.2
14 105.2
15 113
16 97.7
17 114.3
18 109.9
19 111.3
20 105.6
21 113.9
22 114.9
23 100.9
24 116.6
25 121.3
26 113.4
27 113.3
28 121
29 103.5
30 120.1
31 112.5
32 112.5
33 114.7
34 113.8
35 109.3
36 116.2
37 112.3
38 110.2
39 106.8
40 110.1
41 112.5
42 118.2
43 113.5
44 114.2
45 113.6
46 107.9
47 127.5
48 107
49 107.6
50 112
51 119.8
52 107.9
53 104.3
54 101.7
55 118.2
56 108
57 105.3
58 111.5
59 98.8
60 105.7
61 89.3
62 89.6
63 85.1
64 78.7
65 79.9
66 76.7
67 76.3
68 65.7
69 68.3
70 61.2
71 51.9
72 62.7
73 61.6
74 55
75 44.8
76 38.2
77 33.6
78 32.7
79 28.4
80 27.8
81 18.2
82 14.4
83 9
84 8.3
85 7
86 1
87 0
88 0
89 0
90 0
91 0
92 0
93 0
94 0
95 0
96 0
97 0
98 0
99 0
100 0
101 0
102 0
103 0
104 0
105 0
106 0
107 0
108 0
109 0
110 0
111 0
112 0
#############################



### angle = 102
-112 0
-111 0
-110 0
-109 0
-108 0
-107 0
-106 0
-105 0
-104 0
-103 0
-102 0
-101 0
-100 0
-99 0
-98 0
-97 0
-96 0
-95 0
-94 0
-93 0
-92 0
-91 0
-90 0
-89 0
-88 0
-87 0
-86 0
-85 0
-84 0
-83 0
-82 6.9
-81 12.2
-80 16.9
-79 23.5
-78 27.7
-77 41.6
-76 45.5
-75 50.2
-74 57.7
-73 70.5
-72 66.3
-71 79
-70 78.8
-69 91.8
-68 96.1
-67 99.6
-66 109.7
-65 106.2
-64 112.4
-63 125
-62 112.8
-61 114.1
-60 114.9
-59 104.9
-58 112.8
-57 115.9
-56 114.5
-55 118.5
-54 112
-53 109.6
-52 101.5
-51 112.4
-50 116
-49 118.1
-48 104.8
-47 105.3
-46 108
-45 120.4
-44 106.2
-43 110.6
-42 113.9
-41 122.8
-40 114.1
-39 110.7
-38 97.7
-37 110.9
-36 102.3
-35 108.8
-34 96.8
-33 114.4
-32 110.4
-31 106.8
-30 120.6
-29 106.8
-28 115
-27 114.4
-26 111.2
-25 107.8
-24 99.7
-23 122.1
-22 111
-21 113.2
-20 115.2
-19 105.9
-18 102.8
-17 103.3
-16 106.4
-15 124.2
-14 109.6
-13 102.9
-12 106.2
-11 104.5
-10 104.7
-9 102.7
-8 108.9
-7 107.9
-6 114.2
-5 104.2
-4 105
-3 111.9
-2 114
-1 108.5
0 103.4
1 119.9
2 109.2
3 104.7
4 115.1
5 109
6 116.6
7 111.4
8 118.4
9 99.1
10 116.5
11 116
12 110
13 101.3
14 111.5
15 119.4
16 108.8
17 107.1
18 99.5
19 113.2
20 114.7
21 105.4
22 114.6
23 116.4
24 99.2
25 107.1
26 109.5
27 115.5
28 107.4
29 101.6
30 111.5
31 98.6
32 125.1
33 107.6
34 110.7
35 107.7
36 114.1
37 117.9
38 117.2
39 120
40 104.8
41 113.7
42 111.1
43 102.7
44 107.4
45 103.2
46 115.6
47 114.8
48 117.6
49 110.7
50 113.4
51 112.1
52 111.8
53 118
54 112.4
55 109.6
56 121.5
57 119
58 112.1
59 107.9
60 116
61 117
62 112.8
63 103.4
64 97.6
65 110.1
66 98.7
67 89.7
68 81.7
69 76.3
70 74.1
71 61.3
72 52.2
73 47.7
74 43.2
75 33.8
76 30.7
77 23.8
78 16.1
79 8.7
80 3
81 0
82 0
83 0
84 0
85 0
86 0
87 0
88 0
89 0
90 0
91 0
92 0
93 0
94 0
95 0
96 0
97 0
98 0
99 0
100 0
101 0
102 0
103 0
104 0
105 0
106 0
107 0
108 0
109 0
110 0
111 0
112 0
#############################



### angle = 108
-112 0
-111 0
-110 0
-109 0
-108 0
-107 0
-106 0
-105 0
-104 0
-103 0
-102 0
-101 0
-100 2.9
-99 4.3
-98 7.3
-97 9.2
-96 7.1
-95 10.6
-94 17.3
-93 15.7
-92 12.4
-91 17.4
-90 26.6
-89 23
-88 27.7
-87 29.5
-86 28.6
-85 29.9
-84 37.9
-83 31.7
-82 36.4
-81 39.7
-80 42.7
-79 48.2
-78 45
-77 45.8
-76 41.6
-75 46
-74 51.6
-73 49.1
-72 44.2
-71 61.6
-70 54.2
-69 68.1
-68 55
-67 63.3
-66 66.8
-65 68.1
-64 73.4
-63 87
-62 73.9
-61 69.5
-60 73.1
-59 77.9
-58 86.9
-57 79.2
-56 87.3
-55 83.8
-54 92.3
-53 95
-52 93.5
-51 86.2
-50 106.3
-49 97.9
-48 99.7
-47 104.1
-46 94.9
-45 98.7
-44 101.8
-43 106
-42 100.5
-41 109.5
-40 113.8
-39 116
-38 118
-37 125.4
-36 118.4
-35 134.5
-34 122.8
-33 112.3
-32 123.3
-31 110.7
-30 125
-29 130.8
-28 124.7
-27 107.4
-26 110.8
-25 110.2
-24 109.4
-23 121.5
-22 121
-21 112.6
-20 117.2
-19 123.4
-18 122.7
-17 112.7
-16 122.6
-15 114.1
-14 114.1
-13 117.7
-12 128.2
-11 121.6
-10 113.6
-9 124
-8 102.7
-7 121.7
-6 118.6
-5 109.7
-4 119.5
-3 106.3
-2 116.5
-1 108.6
0 121.9
1 117
2 110.2
3 109.9
4 134.9
5 113.8
6 130.1
7 126.2
8 122.9
9 131.5
10 115.9
11 112.1
12 126
13 118.3
14 111.5
15 106.2
16 121.2
17 124.1
18 115.8
19 129.6
20 115.1
21 109.5
22 118.1
23 102
24 103.7
25 128.7
26 118.8
27 118.7
28 110.8
29 143.3
30 108.6
31 112.5
32 111.1
33 119.7
34 114.2
35 110.6
36 115.6
37 121.5
38 118.8
39 124.1
40 112.6
41 113.8
42 115.7
43 104.1
44 102.1
45 96.9
46 94.9
47 104.7
48 100.8
49 97.7
50 81.9
51 93.7
52 95
53 91
54 82.4
55 80.4
56 89.8
57 87.8
58 82.7
59 75.4
60 80.4
61 75.3
62 70
63 66.3
64 64.3
65 60.3
66 57.3
67 54.5
68 54.1
69 55.9
70 57
71 60.1
72 46.4
73 48.6
74 51.1
75 39.2
76 44.2
77 46.8
78 29.8
79 36.4
80 33.8
81 34.7
82 26.7
83 28.2
84 25.4
85 25.1
86 24.8
87 24.1
88 19
89 22.5
90 18.1
91 16.4
92 10.7
93 7.4
94 10
95 4.7
96 4
97 3
98 1
99 0
100 0
101 0
102 0
103 0
104 0
105 0
106 0
107 0
108 0
109 0
110 0
111 0
112 0
#############################



### angle = 114
-112 0
-111 1.3
-110 1.3
-109 3.6
-108 5.3
-107 6.9
-106 8.8
-105 9.2
-104 7.4
-103 10.4
-102 10.6
-101 18.2
-100 15
-99 21.1
-98 15.1
-97 23.5
-96 23.7
-95 18.8
-94 22.8
-93 27.5
-92 28.4
-91 33
-90 25.6
-89 32
-88 27.2
-87 41.9
-86 29.1
-85 35.7
-84 39.8
-83 32.4
-82 41.6
-81 43.6
-80 42.3
-79 39.1
-78 40.1
-77 44.5
-76 43.6
-75 52.1
-74 50.8
-73 51.4
-72 49.9
-71 52.8
-70 57.2
-69 53.1
-68 56.1
-67 57.6
-66 62.1
-65 63.1
-64 67.1
-63 67.3
-62 69.6
-61 71.4
-60 74.4
-59 66.7
-58 69.5
-57 67.9
-56 68.9
-55 84.5
-54 75.4
-53 81.6
-52 84.6
-51 79.5
-50 83.1
-49 77.4
-48 81.7
-47 85.7
-46 82
-45 84.9
-44 92.9
-43 93.1
-42 87.4
-41 101
-40 99.5
-39 94.6
-38 105.1
-37 90.2
-36 102.1
-35 100.6
-34 115.5
-33 100.9
-32 99.8
-31 105.3
-30 109.1
-29 105.1
-28 111.7
-27 111.8
-26 122.7
-25 115.3
-24 120.2
-23 111.9
-22 118.9
-21 124.8
-20 111.2
-19 124.3
-18 126.2
-17 114.1
-16 127.6
-15 128.2
-14 149.3
-13 126.6
-12 131.2
-11 127.1
-10 130.2
-9 131.4
-8 130
-7 148.8
-6 150.4
-5 132.3
-4 146.9
-3 130.4
-2 150.1
-1 143.3
0 136.4
1 140.5
2 144.5
3 135
4 127.7
5 143.5
6 136
7 129.2
8 145.1
9 135.2
10 125.6
11 116.4
12 108.8
13 139.5
14 123.7
15 127.1
16 128.1
17 112.2
18 117.5
19 130.6
20 131.5
21 120
22 109.8
23 123.5
24 127.2
25 121.8
26 109.9
27 118.6
28 107.4
29 105.6
30 103.8
31 101.1
32 105.1
33 97.5
34 86
35 100
36 101.6
37 103.1
38 97.2
39 91.7
40 90.3
41 85.2
42 84.3
43 79.4
44 89.6
45 91.7
46 84.6
47 90.2
48 89.4
49 78.4
50 92.3
51 76.3
52 78.9
53 72.5
54 79.9
55 71.1
56 77.9
57 71.7
58 67.1
59 67.2
60 65.2
61 59.3
62 67
63 62.4
64 63.3
65 58.3
66 54.7
67 55.9
68 58.7
69 60.3
70 51.1
71 49.6
72 57.6
73 46.6
74 46.5
75 34.9
76 43.2
77 43.7
78 35.1
79 36.8
80 36.5
81 39.1
82 36.1
83 33.4
84 35.8
85 34.2
86 37.1
87 27.7
88 26.5
89 23.1
90 27.5
91 24
92 19.7
93 23.1
94 18.7
95 17.4
96 20.1
97 18.2
98 18.7
99 15.3
100 9.7
101 10.8
102 6.7
103 6.3
104 5.7
105 4
106 4
107 2
108 1
109 0
110 0
111 0
112 0
#############################



### angle = 120
-112 1.3
-111 2.3
-110 4.9
-109 6.6
-108 8.8
-107 8.9
-106 6.5
-105 8.9
-104 11
-103 15.2
-102 17.7
-101 17.8
-100 18.8
-99 20.9
-98 23.2
-97 25.4
-96 21.9
-95 24.9
-94 27.8
-93 31.2
-92 23.3
-91 29.5
-90 32.1
-89 31.5
-88 38.5
-87 34.8
-86 34.8
-85 40.7
-84 38.8
-83 40.8
-82 43.4
-81 41
-80 36.1
-79 44.3
-78 45.6
-77 55.3
-76 47.6
-75 60.1
-74 46.7
-73 53
-72 60.7
-71 49.4
-70 65.9
-69 52.3
-68 60
-67 66.8
-66 60.7
-65 64.5
-64 66.3
-63 60.8
-62 75
-61 68.1
-60 78.8
-59 68.7
-58 74.7
-57 88.5
-56 67.4
-55 78.7
-54 86.1
-53 80.8
-52 81.2
-51 77.2
-50 88.3
-49 87.7
-48 90.7
-47 86.1
-46 85.6
-45 99.6
-44 95.6
-43 102.6
-42 101.3
-41 98.2
-40 102.8
-39 112.3
-38 108.3
-37 95.3
-36 116.5
-35 110.3
-34 113.9
-33 103.3
-32 103.3
-31 108.9
-30 117.4
-29 110.5
-28 111.8
-27 122.4
-26 120.5
-25 118.3
-24 119.8
-23 120.7
-22 107.4
-21 125.6
-20 122.6
-19 117
-18 113.5
-17 110.4
-16 119.9
-15 114.2
-14 104.2
-13 118.5
-12 119.5
-11 116.6
-10 106.7
-9 105
-8 118.4
-7 118.2
-6 112.4
-5 125.5
-4 127.5
-3 116.1
-2 121.6
-1 126.3
0 109.6
1 102.5
2 120.2
3 121.2
4 123.7
5 124
6 105.9
7 120.5
8 113.8
9 121.5
10 129.3
11 114.2
12 112.9
13 128.6
14 126.6
15 116.1
16 120.3
17 121.6
18 122.5
19 117.2
20 115.4
21 123.3
22 119.9
23 112.4
24 116.1
25 123
26 118.7
27 107.7
28 116.9
29 109
30 107.9
31 112.6
32 103.3
33 99.3
34 102.1
35 100.4
36 112.5
37 108.3
38 107.2
39 89
40 103.7
41 86.4
42 88.8
43 88.4
44 98
45 91.3
46 94.2
47 89.2
48 81.4
49 82.5
50 83.5
51 85.4
52 85.5
53 79
54 83.5
55 70
56 77.6
57 74.1
58 72.3
59 74.3
60 73.2
61 79
62 66
63 62.8
64 63.8
65 54.6
66 68.7
67 55.2
68 60.8
69 59.8
70 48.5
71 53.9
72 55.2
73 44.3
74 48.4
75 35.5
76 48.5
77 47.5
78 38.4
79 43.8
80 44.8
81 40.5
82 37.7
83 35.7
84 40.6
85 33.1
86 37.2
87 35.8
88 33.4
89 29.1
90 25.2
91 25.1
92 29.1
93 21.4
94 20.5
95 21.4
96 22.4
97 20.7
98 18.4
99 17
100 15.3
101 14.8
102 12.7
103 6.4
104 8.7
105 5.7
106 5
107 4
108 4
109 0
110 1
111 0
112 0
#############################



### angle = 126
-112 0
-111 0
-110 0
-109 0
-108 0
-107 0
-106 0
-105 1.3
-104 2.3
-103 5.6
-102 9.5
-101 10.2
-100 10.6
-99 11.3
-98 17.5
-97 15.9
-96 21.9
-95 20.9
-94 21.5
-93 27.2
-92 28.3
-91 30.9
-90 33.5
-89 40.5
-88 41.3
-87 38
-86 42
-85 37.7
-84 42
-83 45
-82 42.9
-81 54.2
-80 51
-79 47.1
-78 58.5
-77 57.3
-76 57.6
-75 63.1
-74 58.5
-73 63.7
-72 71.2
-71 66.1
-70 80.1
-69 68.3
-68 74.6
-67 84.2
-66 84
-65 67.8
-64 87.4
-63 86.1
-62 91.4
-61 96.9
-60 97
-59 103.2
-58 112
-57 92.9
-56 89
-55 92.7
-54 91.1
-53 101.6
-52 105.9
-51 96.2
-50 98
-49 97.7
-48 102.7
-47 104.3
-46 106.3
-45 103.5
-44 105.8
-43 109.9
-42 101.3
-41 103.9
-40 98
-39 107.8
-38 111.3
-37 108.5
-36 103.6
-35 91.8
-34 87.9
-33 98.6
-32 98.6
-31 104.4
-30 109.4
-29 101.2
-28 100.8
-27 103.3
-26 98.5
-25 115.8
-24 101.2
-23 103.8
-22 106.9
-21 98
-20 106.8
-19 106.3
-18 99.6
-17 113.6
-16 101.3
-15 101.7
-14 103.8
-13 88.1
-12 94.8
-11 100
-10 102.8
-9 111.7
-8 104.4
-7 96.2
-6 103.4
-5 106.4
-4 98
-3 93.1
-2 102.4
-1 100.7
0 93.7
1 102.9
2 100.1
3 107.3
4 95.2
5 102.9
6 108.5
7 114.7
8 104.8
9 101.3
10 99.6
11 102.4
12 97.2
13 97.7
14 94.9
15 93.6
16 102
17 100.3
18 100.5
19 113.2
20 99.4
21 107.8
22 101.6
23 107.5
24 100.9
25 96
26 95.8
27 100.1
28 97.7
29 104.2
30 96.4
31 106.1
32 112
33 104.6
34 106.9
35 101.5
36 100.6
37 105.1
38 107.2
39 106.5
40 97.6
41 104.1
42 96.1
43 109.3
44 88.3
45 106.9
46 108.8
47 105.1
48 113.6
49 104.6
50 97.7
51 97.9
52 103.8
53 94
54 96.1
55 107.5
56 93.2
57 102.2
58 95.4
59 85.4
60 79.9
61 81.2
62 91.9
63 81.9
64 79.6
65 73.6
66 87
67 82.6
68 79.1
69 61.7
70 69.2
71 57.8
72 64.9
73 53.2
74 59.6
75 51.2
76 52
77 58.7
78 52
79 45.8
80 48.9
81 42
82 52.1
83 42.8
84 36.5
85 41.2
86 38.4
87 32.9
88 29.1
89 24.8
90 28
91 28.1
92 24.4
93 24.1
94 23
95 16.1
96 16.7
97 10.4
98 8.4
99 10
100 5
101 3
102 1
103 0
104 0
105 0
106 0
107 0
108 0
109 0
110 0
111 0
112 0
#############################



### angle = 132
-112 0
-111 0
-110 0
-109 0
-108 0
-107 0
-106 0
-105 0
-104 0
-103 0
-102 0
-101 0
-100 0
-99 0
-98 0
-97 0
-96 0
-95 0
-94 0
-93 0
-92 0
-91 0
-90 0
-89 4.3
-88 19.2
-87 34.5
-86 40.8
-85 49.1
-84 66
-83 71.3
-82 85.3
-81 97
-80 83.1
-79 109.5
-78 91.2
-77 93.4
-76 104.2
-75 92.2
-74 95.4
-73 88.9
-72 92.9
-71 100.6
-70 91.2
-69 90.7
-68 94.1
-67 81.5
-66 95.4
-65 97.6
-64 90.2
-63 91.8
-62 96.1
-61 95
-60 93.7
-59 105.5
-58 93
-57 96.9
-56 99.1
-55 92.9
-54 97.9
-53 93.8
-52 95.3
-51 104.1
-50 97.5
-49 92
-48 99.6
-47 102.8
-46 111.3
-45 92.9
-44 98
-43 99.3
-42 98.3
-41 90.4
-40 92.2
-39 92.7
-38 94.6
-37 89.2
-36 98.5
-35 95.6
-34 106.9
-33 80.9
-32 95
-31 95.3
-30 106
-29 91
-28 95.6
-27 95.1
-26 92.2
-25 99.2
-24 100.9
-23 102.2
-22 97
-21 89.7
-20 98.6
-19 95.8
-18 94.2
-17 95.4
-16 103.8
-15 95.8
-14 102.1
-13 99.4
-12 111.8
-11 96.8
-10 88.9
-9 103.7
-8 104.8
-7 100.9
-6 92.2
-5 88.6
-4 102.6
-3 99.6
-2 92.4
-1 108.8
0 98.6
1 101
2 92.2
3 89.2
4 90.7
5 92.6
6 88.9
7 91.8
8 100.5
9 91.5
10 101.1
11 106.8
12 86.5
13 89.1
14 90.4
15 106.9
16 99.6
17 98.6
18 96.7
19 87.9
20 92.3
21 87.1
22 98
23 102.1
24 98.1
25 103
26 94.5
27 104
28 105.6
29 94.1
30 100.2
31 92.1
32 97.5
33 95.3
34 101.4
35 102.4
36 93
37 92.4
38 96
39 88.9
40 93.1
41 94
42 103.3
43 91.8
44 92.7
45 89.8
46 101.8
47 98.3
48 104.8
49 92.7
50 92.6
51 99.3
52 97.1
53 106.3
54 89.8
55 98.2
56 95.7
57 97.3
58 107.4
59 97.8
60 87.6
61 99.2
62 90.8
63 90.9
64 89.6
65 97.8
66 98.1
67 87
68 98.7
69 94.1
70 96.1
71 96.4
72 86.9
73 89
74 94.7
75 105.9
76 87.8
77 88.4
78 92.2
79 93.8
80 96.2
81 70.4
82 63.6
83 59.8
84 43.2
85 34.1
86 15
87 2
88 0
89 0
90 0
91 0
92 0
93 0
94 0
95 0
96 0
97 0
98 0
99 0
100 0
101 0
102 0
103 0
104 0
105 0
106 0
107 0
108 0
109 0
110 0
111 0
112 0
#############################



### angle = 138
-112 0
-111 0
-110 0
-109 0
-108 0
-107 0
-106 0
-105 0
-104 0
-103 0
-102 0
-101 0
-100 0
-99 2
-98 5
-97 10.7
-96 9.4
-95 13.7
-94 17.4
-93 18.4
-92 24.5
-91 26.1
-90 25.4
-89 35.9
-88 28.9
-87 33.8
-86 31.2
-85 40.1
-84 48.1
-83 45.6
-82 47.3
-81 55.2
-80 63.5
-79 64
-78 63.4
-77 65
-76 66.6
-75 68.1
-74 84.9
-73 88.8
-72 82.7
-71 82.9
-70 91.1
-69 92.3
-68 89
-67 106.7
-66 91.1
-65 92.3
-64 96.9
-63 94
-62 99.8
-61 99
-60 103.4
-59 98.9
-58 91.7
-57 101
-56 102.4
-55 95.6
-54 100.2
-53 88.5
-52 104.6
-51 105.9
-50 97.7
-49 92.9
-48 100.3
-47 97
-46 92.8
-45 100.5
-44 95.2
-43 94
-42 105.8
-41 100.1
-40 97.7
-39 99.9
-38 98.5
-37 105.6
-36 98.1
-35 90.5
-34 96.3
-33 92.8
-32 112.1
-31 91.4
-30 107.9
-29 95
-28 98.2
-27 95.7
-26 105.3
-25 87.7
-24 95
-23 104.1
-22 97.5
-21 106.7
-20 102.2
-19 92.9
-18 102.7
-17 105.8
-16 102.5
-15 103.8
-14 99.2
-13 88
-12 96.5
-11 93.3
-10 101.7
-9 94.7
-8 103.4
-7 111.1
-6 100.7
-5 97.8
-4 99.4
-3 94.5
-2 104.5
-1 105.1
0 93
1 105.7
2 96.8
3 95.2
4 100.4
5 102.2
6 109.7
7 99
8 97.1
9 111.7
10 97.8
11 92.4
12 99.5
13 102.5
14 103
15 97.2
16 101.6
17 103.8
18 103.8
19 100.9
20 95.1
21 86.2
22 96.7
23 95.6
24 89.3
25 94.5
26 97.8
27 100.2
28 101
29 97.5
30 97.5
31 99.6
32 103.1
33 107.2
34 102.7
35 98.4
36 97.9
37 100.6
38 95.3
39 98
40 101.1
41 97.3
42 102
43 98.5
44 103.8
45 95.6
46 101.8
47 95.5
48 92.3
49 104.5
50 96
51 92
52 95.9
53 97.7
54 95.8
55 101.8
56 104
57 97.2
58 103
59 94.1
60 91.9
61 101.7
62 90.4
63 85.8
64 106.6
65 99.8
66 99.6
67 89.8
68 89.3
69 88.1
70 92.7
71 76.9
72 75.9
73 73.2
74 71.7
75 65.3
76 57.3
77 68.7
78 50.7
79 59.3
80 44.5
81 51.1
82 45.6
83 48.9
84 40.1
85 36.2
86 32.9
87 31.5
88 27.2
89 29.9
90 25.8
91 17.1
92 18.4
93 15.7
94 12
95 10
96 5.4
97 4
98 1
99 0
100 0
101 0
102 0
103 0
104 0
105 0
106 0
107 0
108 0
109 0
110 0
111 0
112 0
#############################



### angle = 144
-112 0
-111 0
-110 0
-109 1
-108 4
-107 6
-106 4.7
-105 9.7
-104 10
-103 10
-102 9.1
-101 10.7
-100 15.8
-99 17
-98 18.8
-97 19.1
-96 25.7
-95 26.1
-94 23.9
-93 30.5
-92 25.8
-91 27.8
-90 29.8
-89 25
-88 30.8
-87 33.8
-86 29.2
-85 39
-84 36.8
-83 41.2
-82 50.4
-81 42.2
-80 49.1
-79 53.2
-78 53.7
-77 51
-76 56.8
-75 56.2
-74 59.5
-73 63
-72 60.7
-71 53.7
-70 58.4
-69 62.6
-68 64
-67 64.7
-66 66.9
-65 72.8
-64 71
-63 71.3
-62 68.6
-61 76.4
-60 70.3
-59 73.3
-58 81
-57 78.7
-56 79.2
-55 80.8
-54 89.3
-53 91.6
-52 83
-51 84.4
-50 95.4
-49 95.3
-48 88.4
-47 92.9
-46 91.9
-45 106.5
-44 108.7
-43 103.2
-42 104.8
-41 100
-40 111.1
-39 107.8
-38 111.8
-37 112.7
-36 103.7
-35 108.6
-34 116.5
-33 109.6
-32 116.4
-31 115.5
-30 122.5
-29 111.9
-28 113.8
-27 109
-26 113.6
-25 104.9
-24 109.9
-23 97.3
-22 105
-21 108.8
-20 101.1
-19 109.1
-18 121.2
-17 93.4
-16 113.3
-15 103.3
-14 117.4
-13 103.1
-12 110.7
-11 104
-10 118.3
-9 107
-8 123.9
-7 123.9
-6 108.2
-5 118.2
-4 108.9
-3 114.1
-2 117.5
-1 110.4
0 119.4
1 101.2
2 107.6
3 110.4
4 116.4
5 117.1
6 110.9
7 107.9
8 109
9 106.2
10 105.1
11 119
12 117.8
13 111.8
14 122.1
15 121.5
16 102.3
17 105.3
18 114.1
19 104
20 113.3
21 116.9
22 110.7
23 100.8
24 109.4
25 118.7
26 110.3
27 104
28 110.6
29 104
30 115.2
31 112
32 102.4
33 102.4
34 101.8
35 110.6
36 108.2
37 110.8
38 111.5
39 103.3
40 103.1
41 106.7
42 102.3
43 104.6
44 119.4
45 102
46 96.8
47 96.9
48 106.2
49 88.7
50 94.4
51 91.8
52 94
53 77
54 79.1
55 83.8
56 74.9
57 77.6
58 86.6
59 65.6
60 78.3
61 61.1
62 70.9
63 67.3
64 71.9
65 67.7
66 64
67 54.5
68 62.6
69 64.7
70 59.6
71 62
72 51.9
73 48.3
74 49.5
75 54.8
76 48.2
77 53.5
78 42.2
79 45.2
80 44.5
81 49.2
82 39.6
83 41.1
84 39.2
85 34.9
86 33.3
87 28.1
88 32.6
89 28.5
90 25.5
91 30.5
92 19.8
93 29.1
94 20.4
95 21
96 16.1
97 16.1
98 15.7
99 16.7
100 16.8
101 13.7
102 8
103 9.7
104 6.7
105 7.7
106 4.7
107 4
108 2
109 0
110 0
111 0
112 0
#############################



### angle = 150
-112 0
-111 1
-110 1
-109 7
-108 4
-107 4.7
-106 9
-105 4.7
-104 13.7
-103 8
-102 12
-101 13.1
-100 14.1
-99 22.8
-98 11.7
-97 24.1
-96 21.5
-95 21.1
-94 32.7
-93 17.1
-92 29.2
-91 24.8
-90 32.5
-89 29.5
-88 29.8
-87 32.6
-86 30.1
-85 35.1
-84 36.4
-83 42.8
-82 37.5
-81 38.9
-80 35.3
-79 49.3
-78 44.5
-77 49.2
-76 43.3
-75 46.3
-74 62.1
-73 50.9
-72 53.1
-71 62
-70 47.7
-69 64
-68 53.1
-67 57.2
-66 62.2
-65 58.4
-64 73.2
-63 53.6
-62 70.8
-61 63
-60 64
-59 76.6
-58 68.9
-57 68.5
-56 64.3
-55 68.1
-54 72.6
-53 71.4
-52 81.8
-51 80
-50 82.4
-49 96.2
-48 80.6
-47 77.8
-46 93.6
-45 79.3
-44 81
-43 82.5
-42 98.8
-41 92.3
-40 95.7
-39 101.1
-38 100.2
-37 94.8
-36 96.7
-35 86.9
-34 107.4
-33 106.6
-32 110.5
-31 107.4
-30 105.7
-29 107.5
-28 114.5
-27 107.3
-26 104.3
-25 108.6
-24 110.8
-23 122.1
-22 119.4
-21 129
-20 122
-19 115.7
-18 127.7
-17 114.7
-16 120.8
-15 132.4
-14 117.5
-13 131.1
-12 139.2
-11 146.1
-10 117.9
-9 133.9
-8 134.8
-7 140.8
-6 134.8
-5 133.9
-4 139.2
-3 134.3
-2 147.7
-1 147.1
0 127.9
1 147.2
2 136.7
3 127.3
4 150.8
5 144.1
6 138.2
7 130.9
8 141.1
9 130.5
10 132.1
11 119.1
12 126
13 130.3
14 129
15 120.4
16 126.6
17 127.1
18 129
19 119.6
20 118.4
21 125.3
22 106.1
23 124.1
24 119.6
25 114.6
26 127.5
27 105.7
28 117.5
29 96.3
30 110
31 101.3
32 101.2
33 108.3
34 92.4
35 94.1
36 99.4
37 88.9
38 114.8
39 101.6
40 94.9
41 87.9
42 89.3
43 89.5
44 100.6
45 89.3
46 76.9
47 88.9
48 84.7
49 77
50 80.7
51 86.8
52 64.7
53 78.3
54 76.6
55 68.3
56 67.1
57 64.3
58 76
59 68.7
60 61.3
61 72.6
62 44.6
63 72.4
64 63
65 59.3
66 60.7
67 54.6
68 64.5
69 53.2
70 51.6
71 49.8
72 53
73 52.6
74 46.6
75 42.1
76 44.5
77 42.2
78 41.6
79 39.3
80 39.1
81 43.6
82 37.8
83 36.5
84 37.5
85 29.3
86 35.6
87 27.2
88 30.9
89 32.8
90 20.4
91 28.4
92 18.1
93 28.4
94 17.5
95 19.1
96 19
97 12.7
98 21.1
99 17
100 15
101 13.4
102 7.7
103 15.7
104 7.7
105 10.7
106 3.4
107 5.4
108 7
109 2
110 3
111 0
112 0
#############################



### angle = 156
-112 0
-111 0
-110 0
-109 0
-108 0
-107 0
-106 0
-105 0
-104 0
-103 2
-102 8
-101 5
-100 6
-99 3.7
-98 12.3
-97 11.1
-96 11.7
-95 19.7
-94 15.4
-93 14.8
-92 19.8
-91 27.4
-90 25.8
-89 24.7
-88 30.1
-87 27.9
-86 28.6
-85 34.2
-84 35.9
-83 32.2
-82 30.6
-81 37.7
-80 43.4
-79 45.4
-78 46.5
-77 45.3
-76 52
-75 40.8
-74 43.1
-73 43.3
-72 50.2
-71 55.5
-70 62.8
-69 60.5
-68 57.3
-67 58.1
-66 56.3
-65 63.6
-64 60.5
-63 72.6
-62 63.6
-61 71.8
-60 71.4
-59 75
-58 68.3
-57 76.6
-56 76.1
-55 74.9
-54 80.2
-53 88.1
-52 81.8
-51 77.5
-50 81.9
-49 97.5
-48 86.3
-47 90
-46 95.4
-45 84.3
-44 107.5
-43 94.7
-42 102.9
-41 100.9
-40 98.3
-39 104.3
-38 99
-37 107.9
-36 103.3
-35 110.2
-34 106.6
-33 114.3
-32 105.5
-31 122.1
-30 120.8
-29 116.2
-28 119.7
-27 108.7
-26 121.6
-25 119.4
-24 129.8
-23 131.8
-22 129.1
-21 128.2
-20 128.6
-19 121.4
-18 122.8
-17 118.7
-16 134.2
-15 133.5
-14 120.2
-13 133.3
-12 112.4
-11 137.9
-10 131.7
-9 129.7
-8 109.1
-7 120.9
-6 130.9
-5 116.7
-4 117.4
-3 114.7
-2 117.1
-1 126.7
0 127.8
1 134.4
2 127.7
3 145.5
4 122.8
5 119.9
6 123.9
7 122.9
8 124.1
9 124
10 125.6
11 124.1
12 113.1
13 132.6
14 115.8
15 124.4
16 125.9
17 127.3
18 119.7
19 126.7
20 114.5
21 124.3
22 132.1
23 128.1
24 130.3
25 127.4
26 128.9
27 132.8
28 117.7
29 120.4
30 125.6
31 124
32 110.9
33 117.6
34 108
35 116
36 105.8
37 104.2
38 105.8
39 110.9
40 103.7
41 96.1
42 90.3
43 96.5
44 93.1
45 87.8
46 95.5
47 76.2
48 90
49 87.5
50 85.1
51 89
52 76.6
53 86
54 79.9
55 76.2
56 77.4
57 76.4
58 76.7
59 74
60 69.5
61 70.3
62 71
63 63.4
64 66.7
65 57.8
66 57.2
67 63
68 63.6
69 50.7
70 54.3
71 50.9
72 53
73 50.6
74 49.3
75 44.3
76 44.3
77 36.2
78 46.1
79 31.3
80 33
81 36.8
82 33.8
83 34.8
84 27.7
85 30.5
86 27.5
87 26.9
88 17.7
89 19
90 26.7
91 26.4
92 20.1
93 15.4
94 15.7
95 13
96 12.4
97 10.7
98 12
99 9.4
100 5.8
101 7
102 4
103 3
104 1
105 0
106 0
107 0
108 0
109 0
110 0
111 0
112 0
#############################



### angle = 162
-112 0
-111 0
-110 0
-109 0
-108 0
-107 0
-106 0
-105 0
-104 0
-103 0
-102 0
-101 0
-100 0
-99 0
-98 0
-97 0
-96 0
-95 0
-94 0
-93 0
-92 0
-91 0
-90 0
-89 0
-88 4
-87 10
-86 8.3
-85 8.7
-84 17.8
-83 21.8
-82 23.8
-81 30.7
-80 26.1
-79 35.5
-78 36.6
-77 43.8
-76 51.3
-75 55.9
-74 53.5
-73 53.8
-72 55.3
-71 60.1
-70 69
-69 62.1
-68 71.1
-67 67.5
-66 78
-65 80.1
-64 77.6
-63 88.7
-62 88.6
-61 86.7
-60 106.7
-59 94.2
-58 97.4
-57 107.9
-56 108.7
-55 109
-54 102.4
-53 100.5
-52 115.8
-51 119.6
-50 112.9
-49 106.9
-48 118.9
-47 111.5
-46 123.8
-45 112.2
-44 115.2
-43 104.3
-42 122.1
-41 107.7
-40 120.5
-39 109.3
-38 107.1
-37 113.6
-36 113.1
-35 114.7
-34 107
-33 119.2
-32 120.6
-31 105.3
-30 121.8
-29 118.4
-28 106.7
-27 114.1
-26 109.6
-25 108.5
-24 118.4
-23 111.5
-22 112.2
-21 113.5
-20 113.1
-19 107.6
-18 107.2
-17 111.1
-16 107.1
-15 113.6
-14 108.5
-13 115.9
-12 101
-11 119.3
-10 120.3
-9 118.8
-8 111.1
-7 110.1
-6 112.9
-5 119.2
-4 115.1
-3 109.3
-2 114
-1 111.2
0 110.7
1 112.4
2 118.8
3 110.2
4 115.3
5 101.5
6 98.9
7 106.1
8 115
9 109.8
10 110.6
11 113.8
12 113.4
13 111.9
14 102.9
15 112.8
16 115.4
17 111.8
18 112.9
19 112.9
20 107.5
21 98.9
22 120.1
23 117.7
24 118.6
25 117.4
26 107.8
27 113.5
28 111.2
29 109.2
30 106.2
31 111
32 123
33 109.8
34 109.6
35 114.1
36 109.6
37 113
38 105.3
39 113.1
40 115.6
41 110.3
42 116.4
43 116.3
44 110.7
45 111.6
46 113.8
47 111.9
48 116.8
49 128.5
50 118.7
51 122.1
52 122.1
53 101.3
54 105
55 112.4
56 116.6
57 104.6
58 104.2
59 104.8
60 93.8
61 94
62 100.1
63 90.1
64 70.2
65 83.2
66 75
67 79.3
68 63.8
69 66.1
70 61
71 59.6
72 49.4
73 47
74 44.2
75 46.5
76 46.5
77 32.4
78 34.6
79 34.5
80 22.8
81 32.4
82 22.7
83 20.4
84 11.4
85 13.7
86 13.4
87 6.4
88 6
89 1
90 0
91 0
92 0
93 0
94 0
95 0
96 0
97 0
98 0
99 0
100 0
101 0
102 0
103 0
104 0
105 0
106 0
107 0
108 0
109 0
110 0
111 0
112 0
#############################



### angle = 168
-112 0
-111 0
-110 0
-109 0
-108 0
-107 0
-106 0
-105 0
-104 0
-103 0
-102 0
-101 0
-100 0
-99 0
-98 0
-97 0
-96 0
-95 0
-94 0
-93 0
-92 0
-91 0
-90 0
-89 0
-88 0
-87 0
-86 0
-85 0
-84 0
-83 0
-82 0
-81 0
-80 0
-79 4
-78 12.4
-77 22.2
-76 28.7
-75 40.1
-74 47.2
-73 61.4
-72 62.9
-71 68.7
-70 85.5
-69 99.2
-68 108.3
-67 117
-66 106.6
-65 112.9
-64 102.2
-63 109.1
-62 108.3
-61 118.1
-60 111.4
-59 110
-58 114.4
-57 121.7
-56 114.3
-55 116
-54 104.9
-53 121.8
-52 111
-51 118.7
-50 107.7
-49 109.8
-48 104.8
-47 108.7
-46 117.7
-45 101.6
-44 108.5
-43 116.4
-42 111.3
-41 106.4
-40 117.7
-39 113.7
-38 116.2
-37 110.7
-36 115.9
-35 112.4
-34 107.5
-33 107.8
-32 111
-31 110.6
-30 109.5
-29 108.2
-28 106.2
-27 109.1
-26 112.2
-25 106.7
-24 105.4
-23 112.7
-22 115.7
-21 110
-20 98
-19 109.1
-18 99.2
-17 119.8
-16 115.9
-15 109.2
-14 107.3
-13 119.8
-12 106.1
-11 106.9
-10 109.9
-9 110.4
-8 104.4
-7 121.9
-6 113.5
-5 112
-4 104.6
-3 116.4
-2 105.8
-1 105.2
0 117.5
1 100.1
2 99.7
3 118.4
4 115.9
5 99.2
6 104.4
7 117.7
8 103.6
9 103.3
10 109.6
11 106.2
12 106.5
13 116.5
14 109.3
15 111.7
16 98.3
17 104.9
18 110
19 111.1
20 114.9
21 111.9
22 107.8
23 110.4
24 105.6
25 107.7
26 107.9
27 115.5
28 121.5
29 99.6
30 112.1
31 110.9
32 108
33 117.6
34 98.2
35 109.6
36 101.8
37 103.2
38 118
39 106
40 116.8
41 118.4
42 106.9
43 114.2
44 117.2
45 102.2
46 104.1
47 112.6
48 118.8
49 112.4
50 105
51 117.8
52 98.5
53 115.2
54 114.5
55 110.8
56 104.3
57 120.6
58 116
59 100.8
60 117.6
61 124.2
62 117.7
63 106.7
64 114.1
65 112.2
66 108.9
67 116
68 102.8
69 99.4
70 81.6
71 71.8
72 66.1
73 63.4
74 47.5
75 44.5
76 30
77 21.3
78 14.1
79 8.9
80 0
81 0
82 0
83 0
84 0
85 0
86 0
87 0
88 0
89 0
90 0
91 0
92 0
93 0
94 0
95 0
96 0
97 0
98 0
99 0
100 0
101 0
102 0
103 0
104 0
105 0
106 0
107 0
108 0
109 0
110 0
111 0
112 0
#############################



### angle = 174
-112 0
-111 0
-110 0
-109 0
-108 0
-107 0
-106 0
-105 0
-104 0
-103 0
-102 0
-101 0
-100 0
-99 0
-98 1
-97 2
-96 3
-95 5.7
-94 8.3
-93 9.4
-92 8.7
-91 17.4
-90 18.5
-89 20.1
-88 22.7
-87 24.8
-86 25.1
-85 23.7
-84 29.2
-83 23.8
-82 33.7
-81 32.7
-80 33.5
-79 37.4
-78 35.1
-77 49.6
-76 36.8
-75 51.8
-74 45.9
-73 52.8
-72 49.1
-71 66.3
-70 57.5
-69 57.6
-68 52
-67 59
-66 64.7
-65 65.1
-64 65.8
-63 70.4
-62 81.4
-61 74.3
-60 88.9
-59 73.8
-58 86.7
-57 85.2
-56 93.5
-55 88
-54 88.7
-53 90.7
-52 91
-51 110.1
-50 88.4
-49 109.5
-48 104.5
-47 97.6
-46 111.4
-45 96.8
-44 115.4
-43 110.7
-42 122.5
-41 119.4
-40 121
-39 113.5
-38 119.8
-37 124.8
-36 109.7
-35 109.8
-34 111
-33 113.5
-32 114.4
-31 124.8
-30 116
-29 129.2
-28 119
-27 116.1
-26 102.1
-25 114.2
-24 106.9
-23 104.5
-22 119.1
-21 113.9
-20 128.1
-19 121
-18 114.2
-17 109
-16 122
-15 108.9
-14 116
-13 111.1
-12 120.8
-11 124.6
-10 127.3
-9 134.7
-8 108.9
-7 125.2
-6 109.9
-5 118.6
-4 124.2
-3 124.2
-2 120
-1 111.6
0 94.1
1 122.9
2 111.8
3 109.3
4 111.1
5 110.2
6 124
7 109
8 125.7
9 103.4
10 131.4
11 121.3
12 123.3
13 114.3
14 110.8
15 114.9
16 106.2
17 123.9
18 108.3
19 127.4
20 112.4
21 117.5
22 102.1
23 119.4
24 111.4
25 116.2
26 129.2
27 105.2
28 127.5
29 116.1
30 115.9
31 118.5
32 122.7
33 121.8
34 114.6
35 130.3
36 110.2
37 123.2
38 118.9
39 117.4
40 111.4
41 110.1
42 107.3
43 113
44 97.8
45 106.6
46 100.6
47 100.3
48 97.8
49 103.7
50 108.2
51 82.4
52 96.9
53 100
54 86.7
55 92.1
56 87.2
57 77.4
58 77.3
59 79.3
60 73.9
61 82.7
62 73.6
63 78.6
64 69.4
65 67.7
66 63.8
67 60.5
68 66
69 52.6
70 56.3
71 53.1
72 51.1
73 48.2
74 43.9
75 42.1
76 52.4
77 48.6
78 45.2
79 42.7
80 37.9
81 35
82 30.5
83 35
84 28.6
85 32.5
86 29.3
87 24
88 25.3
89 16.7
90 14
91 15.7
92 16.2
93 10.4
94 9.7
95 6.6
96 6.6
97 3.3
98 2.6
99 0
100 0
101 0
102 0
103 0
104 0
105 0
106 0
107 0
108 0
109 0
110 0
111 0
112 0
#############################



