### angle = 0
-112 0
-111 0
-110 0
-109 0
-108 0
-107 0
-106 0
-105 0
-104 0
-103 0
-102 0
-101 0
-100 0
-99 0
-98 0
-97 0
-96 0
-95 0
-94 0
-93 0
-92 0
-91 0
-90 0
-89 0
-88 0
-87 0
-86 0
-85 103.2
-84 95.3
-83 92.6
-82 90.6
-81 89
-80 85.7
-79 84.6
-78 83.6
-77 78.1
-76 81.3
-75 86.9
-74 90.2
-73 92.4
-72 96.8
-71 100.5
-70 100.8
-69 103
-68 110.8
-67 113.4
-66 115.6
-65 120.4
-64 120.9
-63 117.5
-62 116.6
-61 118.6
-60 115.5
-59 114.3
-58 117.5
-57 110.5
-56 103.2
-55 100.6
-54 94.3
-53 93.3
-52 89.9
-51 91
-50 90
-49 86.9
-48 85
-47 76.5
-46 71.4
-45 77.9
-44 80.4
-43 77.4
-42 77
-41 79.9
-40 79.5
-39 76.5
-38 78.4
-37 78.8
-36 81
-35 86.5
-34 90.5
-33 92.4
-32 92.8
-31 94.8
-30 95.1
-29 94.8
-28 95.7
-27 92.6
-26 92.9
-25 90.3
-24 88.7
-23 85.3
-22 82
-21 81.6
-20 81.9
-19 81.9
-18 83.8
-17 87.9
-16 96.1
-15 98.4
-14 99.7
-13 95.5
-12 93.7
-11 94
-10 95.7
-9 93.7
-8 93.4
-7 92.1
-6 90.4
-5 88.1
-4 90.9
-3 94.8
-2 88.7
-1 82.7
0 80.7
1 82
2 86.7
3 88.8
4 90.4
5 93.1
6 95.4
7 96.4
8 99.4
9 111.4
10 118.1
11 120.1
12 120.8
13 120.7
14 121.7
15 120.7
16 119.7
17 118
18 117.4
19 116.1
20 115.7
21 110.4
22 103.1
23 92.2
24 71.4
25 69.1
26 67.7
27 65.5
28 63.4
29 64.1
30 65.5
31 69.5
32 75.4
33 76.6
34 78.3
35 78.2
36 80.1
37 81.4
38 79.4
39 80.4
40 81.8
41 81.4
42 82.8
43 88.4
44 89.8
45 89.7
46 89.7
47 88.4
48 91.5
49 95.7
50 93.4
51 92.1
52 92.1
53 91.8
54 89.7
55 91.8
56 94
57 102.4
58 104.7
59 106.1
60 107.1
61 108.1
62 109
63 110.8
64 112.1
65 116.4
66 120.8
67 119.2
68 121.5
69 121.5
70 122.1
71 122.9
72 118.1
73 119.7
74 122.1
75 119.1
76 120.4
77 115.5
78 110.8
79 111.8
80 111.7
81 111.4
82 112.4
83 113.2
84 0
85 0
86 0
87 0
88 0
89 0
90 0
91 0
92 0
93 0
94 0
95 0
96 0
97 0
98 0
99 0
100 0
101 0
102 0
103 0
104 0
105 0
106 0
107 0
108 0
109 0
110 0
111 0
112 0
#############################



### angle = 6
-112 0
-111 0
-110 0
-109 0
-108 0
-107 0
-106 0
-105 0
-104 0
-103 0
-102 2
-101 5
-100 10
-99 12
-98 12.4
-97 15.7
-96 19.7
-95 21.4
-94 23
-93 24.4
-92 25.4
-91 26.7
-90 28.8
-89 30.7
-88 29.7
-87 29
-86 32.4
-85 37.4
-84 39.5
-83 43.6
-82 48.3
-81 54.6
-80 57.9
-79 60.9
-78 66.6
-77 70.4
-76 69
-75 67.1
-74 62.2
-73 60.2
-72 63.4
-71 68.4
-70 69.7
-69 79.4
-68 82.7
-67 88.7
-66 94.7
-65 98.5
-64 101.4
-63 101.9
-62 107.8
-61 112.3
-60 110.1
-59 103.7
-58 102.8
-57 87.1
-56 80.3
-55 80.3
-54 78.9
-53 78.4
-52 78.1
-51 79.4
-50 79.5
-49 87.9
-48 98.8
-47 102.8
-46 106.3
-45 108.2
-44 105.9
-43 106.3
-42 105.1
-41 102.8
-40 102.8
-39 100.2
-38 99.8
-37 102.8
-36 102.4
-35 102
-34 101.1
-33 99.9
-32 97.8
-31 98.2
-30 95.1
-29 93.8
-28 95
-27 93.4
-26 93.9
-25 94.8
-24 97.8
-23 96.3
-22 96.9
-21 95.3
-20 102.3
-19 103.3
-18 106.4
-17 107.8
-16 112.7
-15 116.9
-14 127
-13 130.1
-12 131.5
-11 132.3
-10 129.7
-9 121.7
-8 109.3
-7 104.1
-6 101.8
-5 101.1
-4 100.8
-3 101.7
-2 102.7
-1 104.4
0 100.1
1 95
2 90.4
3 85
4 84
5 79.7
6 75.1
7 70.7
8 70.8
9 69.5
10 66.8
11 70.5
12 77.6
13 89.5
14 92.8
15 96.1
16 98.7
17 98.4
18 104.8
19 109.1
20 111.7
21 112.7
22 118.7
23 120.1
24 121.4
25 122
26 125.1
27 125
28 125.4
29 126.4
30 116.5
31 111.4
32 107.7
33 106.8
34 102.5
35 97.4
36 94.8
37 88.1
38 87.1
39 82.8
40 84.8
41 89.9
42 87.7
43 79.9
44 75.4
45 75.4
46 77.8
47 77.1
48 78.1
49 75.8
50 78.8
51 100.6
52 103.5
53 108.1
54 111.1
55 108.8
56 105.2
57 101.4
58 103.1
59 99.8
60 100.4
61 99.8
62 95.8
63 96.1
64 91.5
65 80.7
66 75.7
67 73.4
68 68.7
69 65.7
70 60.7
71 57
72 62.1
73 68.4
74 71.1
75 69.4
76 63.7
77 60.4
78 62.4
79 58.4
80 60.1
81 59.4
82 57.1
83 63.4
84 59.5
85 49.7
86 44.1
87 40.4
88 41.7
89 34.7
90 33
91 34
92 32
93 29
94 25
95 23
96 18
97 14
98 10
99 7
100 3
101 0
102 0
103 0
104 0
105 0
106 0
107 0
108 0
109 0
110 0
111 0
112 0
#############################



### angle = 12
-112 0
-111 1
-110 3
-109 5
-108 7
-107 10
-106 12
-105 14
-104 13.4
-103 14.4
-102 13.7
-101 16
-100 18.1
-99 20.4
-98 22.4
-97 26.7
-96 34.1
-95 34
-94 34
-93 35
-92 34.7
-91 35
-90 34.7
-89 36
-88 35
-87 37
-86 38.7
-85 37.7
-84 38.7
-83 37.7
-82 36.7
-81 37
-80 39.4
-79 40.7
-78 41.7
-77 43.5
-76 44.2
-75 44.9
-74 47.2
-73 47.4
-72 49.3
-71 45.7
-70 48.6
-69 48.3
-68 47.6
-67 50.7
-66 56
-65 53.1
-64 55.1
-63 58.7
-62 59.4
-61 59.4
-60 67.6
-59 74.5
-58 73.8
-57 77.7
-56 78.4
-55 80
-54 80.1
-53 77.1
-52 79.4
-51 72.1
-50 74.8
-49 73.7
-48 80.1
-47 88.5
-46 97.6
-45 100.9
-44 103.6
-43 103.6
-42 105.3
-41 109
-40 111.2
-39 112.4
-38 115.3
-37 117
-36 117.4
-35 119.8
-34 120.6
-33 117.8
-32 113.9
-31 109.9
-30 108.5
-29 108.2
-28 109.5
-27 112
-26 114.5
-25 117
-24 115.4
-23 111.8
-22 116.3
-21 113.2
-20 118.7
-19 119.8
-18 121.4
-17 119.5
-16 119.7
-15 125.3
-14 123.5
-13 128.7
-12 132.3
-11 130.9
-10 132.7
-9 131.3
-8 132.5
-7 130.8
-6 132.3
-5 130.2
-4 132.2
-3 128.9
-2 130
-1 128.9
0 130.1
1 130.9
2 133.4
3 133.8
4 124.6
5 118.6
6 117.4
7 117.2
8 113.8
9 105.7
10 102.4
11 102.5
12 106.8
13 107.8
14 108.5
15 109.2
16 115.5
17 119.5
18 121.4
19 115.7
20 120.7
21 122.1
22 120.7
23 122.8
24 120.1
25 121
26 123.2
27 123.7
28 124
29 123.1
30 121.4
31 112.4
32 106.4
33 102.4
34 102.4
35 102.1
36 100.1
37 92.8
38 88.8
39 84.1
40 80.5
41 83.8
42 81.7
43 80.4
44 83.2
45 78.8
46 76.1
47 69.8
48 76.9
49 83.3
50 85
51 80.2
52 76.9
53 65.8
54 65.9
55 66
56 62.7
57 61.4
58 65.4
59 67.4
60 67.1
61 63.4
62 67.1
63 68
64 67.4
65 70.4
66 70.7
67 68.7
68 66.4
69 63.7
70 63.7
71 59.7
72 57
73 55
74 45
75 42.7
76 36.7
77 33.7
78 29.4
79 26
80 22
81 20
82 20.1
83 17.5
84 14.8
85 32.3
86 40.2
87 44.4
88 41
89 41
90 39
91 38
92 38
93 37
94 35
95 34
96 30
97 29
98 27
99 25
100 22
101 20
102 19
103 16
104 13
105 11
106 9
107 7
108 4
109 3
110 0
111 0
112 0
#############################



### angle = 18
-112 0
-111 1
-110 2
-109 6
-108 6
-107 10
-106 10
-105 14
-104 14
-103 18
-102 16.1
-101 14.4
-100 13.7
-99 18.1
-98 17.7
-97 24.4
-96 22.7
-95 32.1
-94 36
-93 37
-92 39
-91 41
-90 39.7
-89 40
-88 39.7
-87 37
-86 35.7
-85 34.7
-84 36.7
-83 34
-82 37.7
-81 36.4
-80 34.7
-79 36.4
-78 35
-77 35.4
-76 34.4
-75 33.7
-74 32.7
-73 32
-72 32
-71 29
-70 34.1
-69 33.7
-68 38.4
-67 46.1
-66 42.1
-65 42.7
-64 50.2
-63 47.5
-62 56.2
-61 59.3
-60 65.7
-59 73.6
-58 77.7
-57 77.6
-56 87.3
-55 94.3
-54 96.6
-53 102.2
-52 106.6
-51 102.8
-50 97.9
-49 107.1
-48 105.1
-47 110.8
-46 110.7
-45 112.1
-44 109.7
-43 112
-42 106.1
-41 99.8
-40 93
-39 87.7
-38 81.8
-37 78.4
-36 72.4
-35 74.4
-34 69
-33 74.4
-32 75.4
-31 79.3
-30 83.6
-29 91
-28 97.1
-27 103
-26 106
-25 111.4
-24 114
-23 113.4
-22 117.7
-21 115
-20 119.1
-19 122.3
-18 129.4
-17 133.8
-16 140.7
-15 146.1
-14 144.3
-13 149.4
-12 145.1
-11 146.1
-10 154.2
-9 154.9
-8 156.2
-7 166.5
-6 159.1
-5 162.5
-4 164.6
-3 162
-2 156.4
-1 150.9
0 138.5
1 142.6
2 138.9
3 137.6
4 140.1
5 136.7
6 135.6
7 142.1
8 140.6
9 140
10 145.3
11 151.8
12 155.9
13 153.9
14 153.5
15 156.5
16 153.6
17 150.3
18 148.6
19 141.8
20 148.4
21 148.7
22 147.8
23 147.7
24 147.6
25 139.9
26 137.2
27 123
28 109.3
29 95.5
30 85.8
31 82.1
32 78.5
33 64.6
34 62.2
35 52.5
36 45.8
37 34.7
38 35.1
39 40.4
40 50.1
41 50.7
42 62.8
43 64.5
44 69.5
45 76.9
46 74.1
47 74.1
48 82.4
49 80.4
50 84.1
51 81.7
52 88.8
53 89.4
54 90.6
55 95.7
56 98.1
57 89.4
58 80.4
59 75.7
60 67.7
61 65
62 58.4
63 57.7
64 53
65 50.7
66 51
67 48
68 43.7
69 43
70 38.7
71 42.1
72 45.5
73 42.8
74 29.5
75 23.7
76 24.4
77 17.8
78 14.7
79 14.5
80 13.7
81 16
82 12
83 14
84 19.6
85 25.4
86 32.4
87 37
88 35
89 35
90 39.7
91 40
92 36
93 37
94 33
95 30
96 31
97 27
98 24
99 24
100 22
101 18
102 18
103 15
104 13
105 11
106 10
107 6
108 6
109 3
110 1
111 0
112 0
#############################



### angle = 24
-112 0
-111 0
-110 0
-109 0
-108 0
-107 0
-106 0
-105 0
-104 0
-103 0
-102 2
-101 4
-100 6
-99 10
-98 13
-97 14
-96 15.7
-95 18.7
-94 22
-93 26
-92 25.8
-91 24
-90 26.1
-89 23
-88 24.1
-87 27
-86 32.5
-85 33.7
-84 35
-83 37.7
-82 37
-81 39
-80 40.7
-79 41.4
-78 40.7
-77 41
-76 39
-75 40.1
-74 40.8
-73 39.4
-72 39.7
-71 43
-70 41
-69 45.1
-68 46
-67 50.1
-66 50.4
-65 57.1
-64 58.7
-63 58.4
-62 61.4
-61 65.9
-60 85.7
-59 86
-58 90.4
-57 99.1
-56 102
-55 99.7
-54 96.7
-53 97
-52 101.7
-51 104.4
-50 102.7
-49 104.4
-48 110.4
-47 112.7
-46 115.8
-45 119.5
-44 118
-43 126.5
-42 129.9
-41 130.7
-40 129.5
-39 128.4
-38 127.8
-37 133.7
-36 135.7
-35 140.2
-34 147.5
-33 153.9
-32 159.8
-31 154.6
-30 153.4
-29 146.4
-28 142.1
-27 136.9
-26 125.6
-25 117.4
-24 119.7
-23 117.5
-22 116.7
-21 110.9
-20 99.7
-19 94.7
-18 95
-17 97.4
-16 94.7
-15 97.1
-14 96.4
-13 99.8
-12 96.6
-11 80.6
-10 75.2
-9 74.6
-8 80.1
-7 90.2
-6 94.4
-5 96.5
-4 104
-3 106.5
-2 113.1
-1 115.9
0 122.8
1 121
2 119.1
3 118.6
4 121.4
5 124.3
6 124.6
7 125.2
8 135.7
9 128.7
10 132
11 134.2
12 128.3
13 125.7
14 120.6
15 123.8
16 121.8
17 126.5
18 119.4
19 116.8
20 122.4
21 127.9
22 124
23 121.5
24 125.3
25 127.3
26 126.6
27 120
28 127.1
29 128.6
30 131.1
31 132.8
32 132.5
33 133.2
34 136
35 134.3
36 128.4
37 125.3
38 119.5
39 119
40 113.9
41 114.6
42 117.1
43 117.6
44 114.3
45 105.3
46 100.2
47 95.6
48 94.5
49 97.5
50 98.5
51 98.8
52 95
53 94.4
54 90.7
55 86.1
56 78.4
57 73.1
58 64.1
59 58.4
60 53.7
61 55.4
62 48.5
63 30.4
64 10.2
65 2.7
66 8.8
67 16.1
68 17.4
69 20
70 21
71 16.7
72 19.7
73 24.4
74 28.8
75 29.1
76 38.2
77 37.4
78 38.4
79 37
80 38.8
81 41
82 38
83 35
84 33
85 31
86 29
87 30
88 32.7
89 33
90 32
91 28
92 27
93 24
94 21
95 19
96 15
97 14
98 11
99 8
100 5
101 4
102 0
103 0
104 0
105 0
106 0
107 0
108 0
109 0
110 0
111 0
112 0
#############################



### angle = 30
-112 0
-111 0
-110 0
-109 0
-108 0
-107 0
-106 0
-105 0
-104 0
-103 0
-102 0
-101 0
-100 0
-99 0
-98 0
-97 0
-96 0
-95 0
-94 0
-93 0
-92 0
-91 0
-90 0
-89 0
-88 0
-87 0
-86 0
-85 5
-84 11
-83 14.4
-82 24
-81 31
-80 30.7
-79 32
-78 31
-77 31.7
-76 31.7
-75 29.4
-74 29.2
-73 31.1
-72 31.4
-71 34.4
-70 41.5
-69 60.5
-68 72.8
-67 86.8
-66 103.5
-65 110.8
-64 122.4
-63 122.7
-62 126
-61 135.4
-60 141.7
-59 145.1
-58 144.4
-57 139.4
-56 136.8
-55 133
-54 132.7
-53 135.4
-52 133.1
-51 137.4
-50 141.6
-49 142.4
-48 144.4
-47 140.7
-46 148.8
-45 151
-44 147.7
-43 145.7
-42 140.7
-41 139.4
-40 137.7
-39 134.1
-38 128.5
-37 125.1
-36 127.1
-35 128.7
-34 129.4
-33 137.1
-32 136.4
-31 140.7
-30 143.7
-29 143
-28 146.4
-27 142.5
-26 145.4
-25 152.8
-24 152.5
-23 152.7
-22 150.7
-21 149.6
-20 150
-19 143.8
-18 127.8
-17 116.2
-16 106.3
-15 101
-14 91
-13 86.1
-12 79.4
-11 68.8
-10 64.1
-9 57.2
-8 47.2
-7 42.6
-6 37.6
-5 31.9
-4 29.8
-3 28.8
-2 22.8
-1 19.4
0 21.1
1 29
2 31.1
3 31.4
4 40.5
5 45.2
6 48.1
7 52.9
8 65.6
9 75.9
10 86.4
11 95.8
12 100.3
13 105.3
14 102.2
15 102.7
16 103.3
17 114.7
18 119.6
19 123.6
20 121.7
21 130.6
22 135.9
23 138.5
24 138.3
25 137.6
26 135
27 137.7
28 139.8
29 140.8
30 140.8
31 142.4
32 143.1
33 141.7
34 144.7
35 141.6
36 142.8
37 148.4
38 147.6
39 148.2
40 149.4
41 149.8
42 154.9
43 156.4
44 156.5
45 156
46 152
47 146.7
48 143.2
49 131.5
50 120
51 100.8
52 94.3
53 88.3
54 86.3
55 86.4
56 84.3
57 79.6
58 78.6
59 77.9
60 75.4
61 67.9
62 61.7
63 50.8
64 40.2
65 34.8
66 34.8
67 33.4
68 29.8
69 34.8
70 45.1
71 54.4
72 58.7
73 62
74 56.1
75 56.4
76 49
77 43
78 38
79 31.7
80 30
81 30
82 23
83 17
84 10
85 4
86 0
87 0
88 0
89 0
90 0
91 0
92 0
93 0
94 0
95 0
96 0
97 0
98 0
99 0
100 0
101 0
102 0
103 0
104 0
105 0
106 0
107 0
108 0
109 0
110 0
111 0
112 0
#############################



### angle = 36
-112 0
-111 0
-110 0
-109 0
-108 0
-107 0
-106 0
-105 0
-104 0
-103 0
-102 0
-101 0
-100 0
-99 0
-98 0
-97 0
-96 0
-95 0
-94 0
-93 0
-92 0
-91 0
-90 0
-89 0
-88 0
-87 0
-86 0
-85 0
-84 0
-83 1
-82 8
-81 13
-80 15.7
-79 22.7
-78 30.4
-77 40.7
-76 49.7
-75 55
-74 58.4
-73 58.4
-72 63.8
-71 61.7
-70 64.4
-69 69.1
-68 72
-67 73.7
-66 76.7
-65 95.5
-64 107.5
-63 120.2
-62 134.7
-61 141
-60 138.1
-59 139.4
-58 138.8
-57 142.4
-56 137.1
-55 141
-54 141.8
-53 145.2
-52 137.5
-51 136.4
-50 137.4
-49 142.7
-48 143.1
-47 145.8
-46 151.2
-45 159.7
-44 155.4
-43 158.7
-42 153.7
-41 156.4
-40 151.1
-39 153.7
-38 159.8
-37 162.4
-36 159.7
-35 160.4
-34 161.8
-33 148.4
-32 145.4
-31 149.1
-30 154.7
-29 150.4
-28 149.4
-27 148.2
-26 152.2
-25 138.5
-24 127.9
-23 120.2
-22 113.1
-21 106.1
-20 101.7
-19 99.4
-18 97.4
-17 85.2
-16 77.5
-15 68.8
-14 62.4
-13 53
-12 48
-11 47.8
-10 56.5
-9 47.7
-8 43.8
-7 39.7
-6 43.5
-5 39.7
-4 42.1
-3 51.2
-2 70.9
-1 75
0 78.9
1 80
2 81.4
3 82.2
4 85
5 90.3
6 91.7
7 95.8
8 98.7
9 103.1
10 98.5
11 95.2
12 87.6
13 85.8
14 79.4
15 78.8
16 78.7
17 84.7
18 82.4
19 85.8
20 87.7
21 92.2
22 95.1
23 97.6
24 98.9
25 99.5
26 91.9
27 95.9
28 104.2
29 121.4
30 127.6
31 128.3
32 129.6
33 138.2
34 133.2
35 134
36 129.7
37 124.2
38 122.1
39 118.3
40 125.6
41 120.6
42 121.1
43 122.1
44 126.6
45 121.4
46 122.2
47 122.5
48 126.7
49 123.9
50 117.3
51 113.6
52 113.5
53 111
54 106
55 104.8
56 104.8
57 100.4
58 96.8
59 96.3
60 99.8
61 97.4
62 100
63 93.4
64 87.1
65 78.5
66 80
67 83.1
68 87.6
69 77.6
70 71.4
71 66.1
72 53.4
73 46.9
74 44.9
75 46.3
76 45.8
77 40.7
78 29.3
79 25.8
80 20.3
81 15.4
82 9.8
83 4.2
84 0
85 0
86 0
87 0
88 0
89 0
90 0
91 0
92 0
93 0
94 0
95 0
96 0
97 0
98 0
99 0
100 0
101 0
102 0
103 0
104 0
105 0
106 0
107 0
108 0
109 0
110 0
111 0
112 0
#############################



### angle = 42
-112 0
-111 0
-110 0
-109 0
-108 0
-107 0
-106 0
-105 0
-104 0
-103 0
-102 0
-101 0
-100 0
-99 1
-98 3
-97 5
-96 6.7
-95 8
-94 9.7
-93 9.7
-92 10
-91 11
-90 15.7
-89 22.4
-88 28.1
-87 35.7
-86 41
-85 43
-84 47
-83 49
-82 52
-81 54
-80 57
-79 60
-78 63
-77 63
-76 62.7
-75 63.7
-74 63.7
-73 66
-72 66.4
-71 68.7
-70 68.4
-69 68.4
-68 64
-67 65.1
-66 66
-65 64.1
-64 68.1
-63 65.7
-62 70.4
-61 70.7
-60 77.4
-59 82.8
-58 91.1
-57 95.4
-56 102.4
-55 106.4
-54 113.8
-53 110.4
-52 114.1
-51 109
-50 113.4
-49 112.4
-48 117
-47 116.4
-46 117.4
-45 118.4
-44 123.2
-43 125.2
-42 129.1
-41 130.6
-40 126.1
-39 122.7
-38 125.1
-37 127.4
-36 124.4
-35 126.4
-34 130.5
-33 137.8
-32 141.1
-31 139.5
-30 131.2
-29 137.5
-28 134.8
-27 137
-26 137.3
-25 128.3
-24 126.5
-23 132.2
-22 133.1
-21 132.7
-20 133.1
-19 136.7
-18 135.4
-17 134.1
-16 129.7
-15 130.7
-14 128
-13 127.4
-12 127.4
-11 130.4
-10 134.4
-9 134.1
-8 129.5
-7 119.6
-6 116.2
-5 108.5
-4 107.1
-3 102.4
-2 95.1
-1 94.1
0 87.8
1 86.4
2 73.4
3 75.8
4 60.8
5 55.7
6 56.4
7 62.2
8 67.1
9 76.1
10 77.1
11 78.1
12 81.9
13 84.8
14 86.9
15 89.8
16 96.5
17 95.4
18 99.6
19 111.8
20 117.6
21 119.3
22 121
23 119.9
24 118.7
25 113
26 115.9
27 112.7
28 109
29 103.1
30 96
31 90.2
32 97.1
33 97.9
34 97.3
35 95.6
36 93.6
37 100.8
38 99.6
39 106.3
40 108.5
41 112.7
42 107.8
43 106.9
44 104.8
45 102.8
46 93.1
47 89.8
48 86.5
49 86.2
50 79
51 67.3
52 56.1
53 54.3
54 56.6
55 59.8
56 65.8
57 72.6
58 72.6
59 70.3
60 70.9
61 72.9
62 70.6
63 68.7
64 65.1
65 66.7
66 61.4
67 59.4
68 59.7
69 61.6
70 62.2
71 63.4
72 62.1
73 61.2
74 61.5
75 61.8
76 62.9
77 61.7
78 59.4
79 54.5
80 49.2
81 49.4
82 44.8
83 41
84 37.9
85 35.5
86 31.5
87 32.4
88 28.8
89 26.8
90 22.5
91 22.4
92 19
93 17
94 14.3
95 11.9
96 9.8
97 8.4
98 6.3
99 4.9
100 2.1
101 0.7
102 0
103 0
104 0
105 0
106 0
107 0
108 0
109 0
110 0
111 0
112 0
#############################



### angle = 48
-112 0
-111 0
-110 0
-109 0
-108 0
-107 1
-106 3
-105 3
-104 4.7
-103 4
-102 6.7
-101 6.7
-100 9
-99 12.7
-98 16.1
-97 26
-96 26
-95 26
-94 29
-93 27.4
-92 37.7
-91 40
-90 43
-89 44
-88 45
-87 45
-86 50
-85 53
-84 55
-83 57
-82 51
-81 62
-80 63
-79 65
-78 68
-77 61
-76 71
-75 67.4
-74 68
-73 63.7
-72 56.7
-71 64.4
-70 62.7
-69 59.4
-68 59.4
-67 60
-66 52.4
-65 65.5
-64 68.5
-63 73.4
-62 74.1
-61 69.4
-60 77.8
-59 80.8
-58 78.5
-57 80.8
-56 71.7
-55 80.9
-54 83.5
-53 82.1
-52 84.7
-51 74.7
-50 87.4
-49 93.8
-48 97.4
-47 102.7
-46 102.8
-45 96.4
-44 113
-43 115.4
-42 119.4
-41 120.8
-40 105.7
-39 124.4
-38 130.1
-37 136.1
-36 134.8
-35 115.4
-34 122.4
-33 114.2
-32 112
-31 110.5
-30 101.8
-29 97.5
-28 98.1
-27 95.7
-26 89.1
-25 92.8
-24 77.4
-23 84.1
-22 90.7
-21 97.3
-20 100.8
-19 100.2
-18 122.2
-17 125.2
-16 131.1
-15 129.4
-14 119.1
-13 134.1
-12 135.4
-11 141.4
-10 142.5
-9 143.4
-8 136.8
-7 154.8
-6 157.8
-5 162.1
-4 159.7
-3 139.4
-2 155.4
-1 153.8
0 145.3
1 133.9
2 112.9
3 126.1
4 127.7
5 127.6
6 133.2
7 116.5
8 125.6
9 135.5
10 139.7
11 142.1
12 137.7
13 123.7
14 136.4
15 134.4
16 130.5
17 117.1
18 98.8
19 104.8
20 87.1
21 80.7
22 77.4
23 69.4
24 86.7
25 85.4
26 91
27 92.1
28 82.4
29 89.1
30 88
31 88.1
32 83.7
33 81.4
34 67.2
35 71.8
36 74.9
37 74.6
38 74.1
39 65.2
40 75.3
41 71
42 78.8
43 72.4
44 64.2
45 69.7
46 58.4
47 47.1
48 45.6
49 51.8
50 46.2
51 45.8
52 54.4
53 56.7
54 56.4
55 48.1
56 59.5
57 58.7
58 61.5
59 62
60 52.2
61 60.4
62 58.7
63 59.8
64 57.6
65 51.1
66 58.6
67 58.5
68 59.4
69 59.5
70 61.5
71 55.7
72 66.8
73 68.4
74 67.7
75 69.8
76 59.8
77 67.5
78 60.9
79 63.6
80 61.3
81 51.3
82 55.5
83 52.5
84 50.6
85 46.9
86 41.2
87 40.3
88 40.3
89 40
90 37.3
91 34.7
92 29.5
93 32.9
94 29.2
95 27.6
96 26.2
97 21.1
98 21.2
99 20.2
100 18.2
101 15.1
102 13.4
103 12.4
104 10.1
105 8.7
106 7
107 5.6
108 2.8
109 3.5
110 0.7
111 0
112 0
#############################



### angle = 54
-112 0
-111 0
-110 0
-109 0
-108 0
-107 1
-106 2
-105 2
-104 3.7
-103 4
-102 4.7
-101 9.4
-100 16.1
-99 28
-98 25
-97 31
-96 33
-95 31
-94 37
-93 34
-92 37
-91 38
-90 38.4
-89 48.7
-88 48
-87 52
-86 54
-85 56
-84 58
-83 60
-82 63
-81 64
-80 65.7
-79 61
-78 66.7
-77 65.7
-76 61
-75 63.4
-74 58
-73 61.4
-72 55.7
-71 54.4
-70 61.1
-69 62.2
-68 71.4
-67 73.8
-66 78.2
-65 84.8
-64 84.5
-63 80.8
-62 74.4
-61 80.4
-60 66.8
-59 74.4
-58 71.4
-57 74.1
-56 86.4
-55 82.4
-54 95.4
-53 97.4
-52 102.5
-51 108.7
-50 101.9
-49 111.8
-48 107.4
-47 112.8
-46 116.4
-45 118.4
-44 129.4
-43 123.7
-42 130.4
-41 128.1
-40 123.4
-39 124.4
-38 119.1
-37 113.2
-36 109.1
-35 106.4
-34 103.1
-33 108.4
-32 105.1
-31 107.5
-30 108.5
-29 105.7
-28 108.8
-27 102.7
-26 106.1
-25 111.2
-24 109.1
-23 108.4
-22 104.7
-21 101.5
-20 102.1
-19 101.8
-18 98.7
-17 96.1
-16 89.2
-15 91.4
-14 86.4
-13 90.5
-12 91.4
-11 90.9
-10 96.5
-9 98.8
-8 97.1
-7 97.1
-6 101.4
-5 98.4
-4 97.1
-3 91.7
-2 92.4
-1 89.8
0 88.8
1 89.8
2 90.1
3 97.1
4 95.1
5 98.6
6 105.1
7 103.6
8 113.6
9 123.5
10 124.2
11 132.4
12 138.1
13 141.7
14 145.4
15 139.7
16 140.4
17 141.4
18 140.1
19 143
20 141.4
21 144.7
22 152.4
23 147.4
24 150.7
25 149.4
26 143.4
27 137.9
28 118.4
29 115.8
30 107.2
31 97.4
32 92.9
33 84.9
34 85.8
35 76.1
36 76.4
37 66.1
38 58.3
39 52.8
40 38.8
41 33.1
42 40.9
43 36.3
44 36.6
45 39.7
46 36.6
47 48.5
48 45
49 49
50 52.6
51 48.6
52 59.9
53 53.6
54 61
55 67.3
56 65.8
57 72
58 70.7
59 67.8
60 71.7
61 74.5
62 76.6
63 76.6
64 70
65 66.7
66 63.6
67 59.8
68 65
69 61
70 68
71 65.2
72 68
73 66.4
74 63.4
75 62
76 57.4
77 58.4
78 54.2
79 55.3
80 51.6
81 50.9
82 47.8
83 50
84 48.6
85 47.6
86 49.1
87 45.3
88 47.5
89 43.1
90 40.6
91 40.7
92 36.5
93 37.5
94 32.4
95 31.1
96 30.4
97 25.1
98 28.1
99 21
100 21.1
101 19.4
102 15.7
103 16.7
104 10.6
105 12
106 9
107 6.6
108 5.6
109 2.8
110 2.1
111 0.7
112 0
#############################



### angle = 60
-112 0
-111 0
-110 0
-109 0
-108 0
-107 0
-106 0
-105 0
-104 0
-103 0
-102 0
-101 0
-100 0
-99 0
-98 2
-97 6
-96 10.4
-95 16
-94 22.4
-93 28.4
-92 33.7
-91 42
-90 44
-89 47
-88 50
-87 56
-86 57
-85 58
-84 58
-83 63.7
-82 58
-81 55.4
-80 54.1
-79 57.8
-78 62
-77 68.7
-76 72.7
-75 81.7
-74 82.1
-73 87.9
-72 86.8
-71 90.4
-70 87.6
-69 85.8
-68 82.1
-67 85.8
-66 92.4
-65 100.1
-64 103.8
-63 113.1
-62 121.4
-61 124.4
-60 126.4
-59 132.7
-58 131.7
-57 132.4
-56 134.4
-55 137.4
-54 131.1
-53 128.4
-52 128.4
-51 132.5
-50 120.3
-49 107.1
-48 101.4
-47 102.7
-46 104.4
-45 103.7
-44 98.1
-43 95.5
-42 87.8
-41 88.9
-40 92.8
-39 101.6
-38 100.7
-37 92.4
-36 87.7
-35 85.1
-34 73
-33 68.4
-32 64.1
-31 69.5
-30 68.1
-29 66.7
-28 68.1
-27 68.4
-26 67.7
-25 69.5
-24 70.1
-23 76.1
-22 77.8
-21 81.1
-20 88.4
-19 93.1
-18 98.1
-17 98.1
-16 99.5
-15 106
-14 105.5
-13 110.4
-12 110.8
-11 115
-10 114.5
-9 106.4
-8 103.1
-7 100.9
-6 96.8
-5 90.9
-4 88.1
-3 88.7
-2 91.4
-1 89.4
0 98.5
1 105.1
2 108.8
3 109.7
4 110.7
5 113.4
6 118.1
7 124.4
8 122.8
9 120.4
10 117.1
11 113.4
12 110.5
13 106.4
14 103.4
15 90.7
16 90.7
17 86.7
18 85.4
19 81.7
20 81.7
21 82.1
22 82.7
23 82.1
24 83.7
25 81.1
26 84.3
27 80.7
28 79.4
29 73.9
30 76.2
31 77
32 76.6
33 76.4
34 78.3
35 79.9
36 77.5
37 84.8
38 84
39 80.7
40 84
41 84.8
42 88.2
43 90
44 92.2
45 99
46 101.4
47 107.5
48 110.5
49 112.7
50 117.3
51 109.3
52 111.6
53 108.8
54 112.4
55 104.8
56 99.8
57 102
58 102.8
59 93.6
60 87.3
61 84
62 81.4
63 76.7
64 75.6
65 73.4
66 71
67 67.5
68 66.9
69 65.7
70 64.4
71 59.9
72 60
73 60.7
74 63
75 61
76 59.3
77 58.3
78 68.7
79 63.2
80 59.5
81 57.5
82 57.1
83 52.5
84 48.4
85 45.7
86 43.4
87 44.1
88 44.4
89 41.4
90 44
91 37
92 34
93 31
94 29.4
95 23.7
96 21.6
97 18.6
98 14.6
99 10.6
100 8.6
101 5.6
102 2.1
103 0
104 0
105 0
106 0
107 0
108 0
109 0
110 0
111 0
112 0
#############################



### angle = 66
-112 0
-111 0
-110 0
-109 0
-108 0
-107 0
-106 0
-105 0
-104 0
-103 0
-102 0
-101 0
-100 0
-99 0
-98 0
-97 0
-96 0
-95 0
-94 0
-93 0
-92 0
-91 0
-90 0
-89 0
-88 0
-87 0
-86 0
-85 38
-84 72.4
-83 91.2
-82 111.4
-81 113.4
-80 111.5
-79 114.8
-78 118.1
-77 122.1
-76 126.7
-75 126.8
-74 125.7
-73 121.4
-72 122.9
-71 123.1
-70 121.5
-69 121.8
-68 119.2
-67 117.8
-66 115.1
-65 111.4
-64 112.8
-63 112.1
-62 108.5
-61 106
-60 104.7
-59 105.1
-58 103.4
-57 101.7
-56 99.4
-55 94.4
-54 97.2
-53 95.1
-52 95.4
-51 98.7
-50 95.7
-49 93.1
-48 90.4
-47 91.1
-46 91.7
-45 91.7
-44 85.8
-43 76.4
-42 81.1
-41 80.1
-40 79.7
-39 78.8
-38 79.1
-37 79.5
-36 76.5
-35 72.5
-34 67.6
-33 68.3
-32 63.2
-31 60.4
-30 59.7
-29 63.1
-28 66.4
-27 67.4
-26 73.5
-25 84.1
-24 92.1
-23 105.2
-22 109.7
-21 114.4
-20 114.4
-19 116
-18 117.4
-17 118.4
-16 119
-15 119.4
-14 119
-13 120.1
-12 119.1
-11 117.1
-10 113
-9 103.4
-8 99.8
-7 94.7
-6 94.4
-5 94.4
-4 92.1
-3 88.1
-2 86.4
-1 83.7
0 81.4
1 86.1
2 86.6
3 86.7
4 87.7
5 89.8
6 92.1
7 93.4
8 94.7
9 95.7
10 96
11 97.8
12 102.1
13 99.7
14 98.7
15 97.4
16 95.4
17 86.2
18 82.8
19 82.6
20 83.6
21 83.2
22 85.7
23 88.7
24 90
25 90
26 80.9
27 76.8
28 83.1
29 89.1
30 91.8
31 90.8
32 87.1
33 86.7
34 78.5
35 78.5
36 80
37 78.8
38 76.7
39 76.5
40 78.8
41 78.2
42 78.9
43 77.3
44 80.1
45 83.2
46 90.9
47 91.7
48 89.9
49 89.4
50 90.7
51 92.4
52 96.5
53 99.4
54 99.2
55 103.6
56 109.6
57 115.7
58 114.5
59 114.8
60 117.5
61 115.6
62 116.9
63 118.6
64 117.9
65 114.4
66 112
67 107.6
68 104.2
69 101.9
70 100.2
71 96.5
72 93.2
73 87.9
74 82
75 76.3
76 76.4
77 82.7
78 82.8
79 88.1
80 89.4
81 90.3
82 94.6
83 81.6
84 74.5
85 44.3
86 13.9
87 0
88 0
89 0
90 0
91 0
92 0
93 0
94 0
95 0
96 0
97 0
98 0
99 0
100 0
101 0
102 0
103 0
104 0
105 0
106 0
107 0
108 0
109 0
110 0
111 0
112 0
#############################



### angle = 72
-112 0
-111 0
-110 0
-109 0
-108 0
-107 0
-106 0
-105 0
-104 0
-103 0
-102 0
-101 0
-100 2
-99 6
-98 10
-97 15
-96 18
-95 23
-94 27
-93 30
-92 32
-91 33
-90 34.7
-89 37.7
-88 40.7
-87 44.1
-86 50.4
-85 59.1
-84 65.1
-83 65.1
-82 61.4
-81 62.4
-80 62.1
-79 63.4
-78 68.4
-77 66.4
-76 71.4
-75 73.7
-74 72.4
-73 69.1
-72 66.1
-71 64.7
-70 71.7
-69 75.4
-68 80
-67 84.7
-66 88.5
-65 94.1
-64 96.2
-63 95.1
-62 95.4
-61 96.8
-60 101.1
-59 102
-58 104.2
-57 106.1
-56 110.5
-55 111.1
-54 110.4
-53 108.7
-52 100.6
-51 89.6
-50 82.1
-49 79.4
-48 78.1
-47 71.1
-46 73.1
-45 70.1
-44 70.8
-43 75.2
-42 82.4
-41 81.3
-40 84.8
-39 88.8
-38 95.7
-37 99.4
-36 97.8
-35 100.4
-34 103.2
-33 105.7
-32 107.4
-31 112.7
-30 119.8
-29 122.7
-28 126.7
-27 124.1
-26 123.7
-25 122.8
-24 122
-23 117.7
-22 115.1
-21 110.1
-20 104.8
-19 99.4
-18 98.4
-17 99.8
-16 94.4
-15 89.7
-14 85.5
-13 76.3
-12 70.9
-11 64.8
-10 67.4
-9 71.5
-8 75.1
-7 78.7
-6 83
-5 85
-4 89.7
-3 96.4
-2 97.7
-1 99.7
0 103.7
1 102.7
2 104.1
3 105.4
4 100.7
5 102.1
6 100.8
7 101.8
8 103.2
9 111.7
10 121.7
11 127.1
12 122.6
13 117.1
14 118.2
15 115.2
16 108.6
17 101.8
18 104.2
19 102.2
20 103.3
21 99.5
22 99.2
23 99.9
24 95.2
25 92.7
26 92.3
27 94
28 92.9
29 92.9
30 98.1
31 95.9
32 99.8
33 100.5
34 100.6
35 99.6
36 102.4
37 101.8
38 104.5
39 102.4
40 103.9
41 104.7
42 105.8
43 105
44 100.9
45 100.3
46 96
47 86.5
48 79.5
49 78.8
50 77.5
51 75.8
52 76.8
53 77.7
54 77.3
55 81.6
56 86.2
57 97.4
58 111.7
59 111.6
60 114.9
61 114.1
62 110.1
63 110.8
64 110.2
65 102
66 96.4
67 91.7
68 86.4
69 79.4
70 75.4
71 70.7
72 66.4
73 62.6
74 62.3
75 66.7
76 69.7
77 68
78 64.2
79 60.6
80 56
81 49.6
82 45.3
83 39.2
84 34.1
85 32.4
86 29.7
87 30.7
88 28.8
89 26.7
90 25.4
91 23.4
92 23
93 23.4
94 20.7
95 15.7
96 14.4
97 12
98 9
99 5
100 1
101 0
102 0
103 0
104 0
105 0
106 0
107 0
108 0
109 0
110 0
111 0
112 0
#############################



### angle = 78
-112 0
-111 0
-110 1
-109 4
-108 6
-107 7
-106 11
-105 13
-104 15
-103 18
-102 19
-101 20
-100 25
-99 27
-98 29
-97 32
-96 32
-95 32
-94 38
-93 38
-92 39
-91 40
-90 39
-89 38.7
-88 45.4
-87 43.5
-86 32.6
-85 23.9
-84 21.8
-83 22.4
-82 24
-81 24
-80 27
-79 32.4
-78 35.7
-77 31.7
-76 42.7
-75 48
-74 54
-73 60
-72 59.7
-71 54.4
-70 65.7
-69 69
-68 70.4
-67 71.4
-66 71
-65 67.7
-64 71.4
-63 72.4
-62 69.1
-61 69.5
-60 59.7
-59 57.4
-58 64.7
-57 66.4
-56 67.7
-55 68.9
-54 69.4
-53 74.9
-52 82.5
-51 85.9
-50 83.9
-49 69.8
-48 70.4
-47 76.1
-46 81.8
-45 89.5
-44 87.8
-43 85
-42 90.8
-41 88.8
-40 90.9
-39 94.8
-38 103.1
-37 99.4
-36 100.4
-35 95.8
-34 101.7
-33 111.1
-32 118.1
-31 126.1
-30 124.4
-29 122.4
-28 120.4
-27 120.4
-26 119.7
-25 116.4
-24 114.4
-23 116.8
-22 119.1
-21 123.4
-20 128
-19 115.7
-18 113.5
-17 105.2
-16 110.1
-15 110.5
-14 108.1
-13 101.1
-12 100.5
-11 93.4
-10 103.7
-9 107.8
-8 111.1
-7 113.5
-6 114.2
-5 111.1
-4 122.5
-3 133.1
-2 131.4
-1 129.8
0 125.3
1 121.5
2 125.7
3 128.6
4 124.2
5 124.8
6 128
7 133.2
8 136.2
9 135.6
10 127.9
11 129.2
12 127.1
13 126.3
14 128.3
15 127.2
16 118.2
17 123.5
18 119.4
19 122.8
20 115.4
21 109.4
22 105.6
23 107.6
24 104.8
25 113.7
26 114.1
27 106.1
28 104
29 105.9
30 104.5
31 113.6
32 120.5
33 115.4
34 117.7
35 115.7
36 114.6
37 121.5
38 120.3
39 113.3
40 111.7
41 108.2
42 104.7
43 109.9
44 106.6
45 99.6
46 100.2
47 86.3
48 82.1
49 77.7
50 76.8
51 75.1
52 81.8
53 77.7
54 84.4
55 84.1
56 74.7
57 74.1
58 62.5
59 52.5
60 54.1
61 57.1
62 60.4
63 59.4
64 52.1
65 53.7
66 58
67 53.4
68 52.6
69 53
70 46.3
71 48.7
72 52.6
73 49.7
74 49.6
75 47.9
76 42.8
77 38.8
78 42.4
79 40.4
80 40
81 39.4
82 38
83 35.4
84 40
85 38.7
86 38
87 36
88 33
89 32.7
90 35
91 35.7
92 36
93 34
94 31
95 31.1
96 27.4
97 22.4
98 21.1
99 18.7
100 13.7
101 13
102 14.1
103 13.7
104 14
105 11
106 8
107 7
108 5
109 2
110 0
111 0
112 0
#############################



### angle = 84
-112 0
-111 1
-110 5
-109 4
-108 11
-107 7
-106 13
-105 14
-104 15
-103 18
-102 20
-101 21
-100 25
-99 26
-98 27
-97 32
-96 29
-95 35
-94 35
-93 38
-92 39
-91 41.7
-90 37
-89 37
-88 35
-87 30.4
-86 25.2
-85 14.8
-84 14
-83 11
-82 10.7
-81 12.5
-80 15
-79 13.1
-78 25.8
-77 17
-76 28.7
-75 39.9
-74 42.1
-73 51.4
-72 47.5
-71 42
-70 43.7
-69 47
-68 47.7
-67 51
-66 52
-65 52.7
-64 58.7
-63 60.4
-62 63
-61 71
-60 67.7
-59 85.7
-58 88.1
-57 96.8
-56 97.8
-55 91.2
-54 88.4
-53 85.1
-52 84.7
-51 80.1
-50 81.7
-49 76.8
-48 76.8
-47 74.8
-46 69.9
-45 73.8
-44 61.1
-43 57.5
-42 45.4
-41 42.1
-40 32.1
-39 33.7
-38 38.7
-37 41.5
-36 57
-35 62.6
-34 75.4
-33 74.1
-32 83.1
-31 87.1
-30 99.9
-29 121.3
-28 129.8
-27 137.2
-26 137.1
-25 147.5
-24 145.1
-23 150.3
-22 150.7
-21 144.6
-20 151.4
-19 141.4
-18 143.8
-17 152.2
-16 151.3
-15 156.1
-14 151.6
-13 147.8
-12 153.2
-11 138.3
-10 138.9
-9 127.2
-8 131.9
-7 136.5
-6 132.7
-5 140.8
-4 135.8
-3 137.7
-2 141.8
-1 156
0 158.4
1 164.6
2 159.3
3 168
4 157.6
5 167
6 158.6
7 160
8 151.4
9 146.3
10 147.4
11 147.9
12 147.8
13 154.9
14 148.6
15 140.5
16 131.8
17 126
18 119.7
19 119.4
20 116.6
21 112.8
22 115.7
23 115.4
24 112.6
25 105.8
26 105.8
27 97.6
28 101
29 86.1
30 92.8
31 79.2
32 74.7
33 75.1
34 71.7
35 75.4
36 77.4
37 82.7
38 86.4
39 94.7
40 92.7
41 94.4
42 97.1
43 105.7
44 109.4
45 104.8
46 106.1
47 99.7
48 101.4
49 99.5
50 93.8
51 99.6
52 106.1
53 99.3
54 94.8
55 95.3
56 84.3
57 77.3
58 73.4
59 66.3
60 59.7
61 55.9
62 51.9
63 49.9
64 47.1
65 43.8
66 42.1
67 36.8
68 33.4
69 32.4
70 29
71 31
72 34
73 30.7
74 34.7
75 33.4
76 35.4
77 36
78 35.4
79 36.7
80 36.7
81 37.4
82 36
83 32.7
84 36
85 33.7
86 36.7
87 38.7
88 40
89 39.7
90 43
91 39
92 37
93 36
94 34.4
95 25.4
96 25.4
97 17.7
98 19.7
99 14.1
100 14.7
101 13.8
102 18
103 14
104 15
105 12
106 8
107 10
108 4
109 5
110 1
111 0
112 0
#############################



### angle = 90
-112 0
-111 0
-110 0
-109 0
-108 0
-107 0
-106 0
-105 0
-104 1
-103 3
-102 5
-101 7
-100 14
-99 12
-98 14
-97 16
-96 28
-95 21
-94 23
-93 25
-92 41
-91 30
-90 29
-89 28.7
-88 41
-87 27
-86 28
-85 30
-84 36
-83 47
-82 34.1
-81 31.7
-80 33
-79 48.8
-78 32.4
-77 30.5
-76 25.1
-75 32.8
-74 19.4
-73 15
-72 15
-71 18.7
-70 19.1
-69 11.4
-68 13
-67 14.5
-66 20.6
-65 27.7
-64 32.4
-63 39.4
-62 68.1
-61 53
-60 57.8
-59 63.1
-58 99.4
-57 73.1
-56 77.7
-55 78
-54 108.7
-53 98.1
-52 84.1
-51 84.1
-50 101.1
-49 110.2
-48 84.1
-47 84.8
-46 94.9
-45 124.7
-44 110.7
-43 100.2
-42 100.6
-41 129.7
-40 113.4
-39 101.8
-38 104.2
-37 132.1
-36 148.9
-35 115.2
-34 114
-33 125.3
-32 146.8
-31 117.1
-30 110.4
-29 115.3
-28 139
-27 124.7
-26 105.1
-25 108.1
-24 133.6
-23 143.2
-22 113.5
-21 109.5
-20 127.2
-19 149.8
-18 110.4
-17 114
-16 125.7
-15 162.7
-14 132.1
-13 127
-12 144.9
-11 155.5
-10 138.7
-9 121.2
-8 123.3
-7 142.2
-6 136.4
-5 112.9
-4 112.1
-3 137.1
-2 133.9
-1 107.7
0 109.1
1 135.4
2 127.7
3 99.1
4 92
5 116.3
6 97.9
7 95.1
8 84.2
9 94.7
10 100.8
11 87.7
12 87.4
13 93.1
14 126.1
15 87.8
16 85.7
17 84
18 125.4
19 97.4
20 93.1
21 99.1
22 130.4
23 124.2
24 108.7
25 107.8
26 134.2
27 161.1
28 141.8
29 138.5
30 144.4
31 171.2
32 139.9
33 123.5
34 119.5
35 143.1
36 143
37 112
38 111.7
39 135.1
40 154.5
41 119.6
42 113.7
43 120.9
44 146.8
45 106
46 99.8
47 96.1
48 134.1
49 97.1
50 87.7
51 88
52 112.4
53 106
54 89
55 88
56 99.7
57 110.8
58 75.7
59 61.5
60 55.1
61 80.4
62 52.4
63 49.7
64 48.7
65 63.5
66 47.7
67 40.7
68 40.4
69 42
70 52.7
71 34.7
72 32.7
73 34.1
74 49.8
75 34.7
76 35
77 36.7
78 54.7
79 36.7
80 36.7
81 35
82 45.7
83 37
84 32
85 31
86 30.8
87 36.4
88 22.4
89 21.7
90 21.4
91 30.7
92 22.8
93 22
94 20
95 23.7
96 13.7
97 13
98 11
99 13
100 6
101 4
102 2
103 0
104 0
105 0
106 0
107 0
108 0
109 0
110 0
111 0
112 0
#############################



### angle = 96
-112 0
-111 0
-110 0
-109 0
-108 0
-107 0
-106 0
-105 0
-104 0
-103 0
-102 0
-101 0
-100 0
-99 0
-98 0
-97 0
-96 0
-95 0
-94 0
-93 0
-92 0
-91 0
-90 0
-89 0
-88 2
-87 9
-86 14
-85 19
-84 25
-83 30
-82 29
-81 30.7
-80 36
-79 39
-78 46
-77 51
-76 56.1
-75 56.4
-74 57.7
-73 56
-72 55.7
-71 39.9
-70 31.2
-69 21.7
-68 22
-67 27.7
-66 32.1
-65 35.5
-64 37.4
-63 49.6
-62 57.5
-61 63.6
-60 70.8
-59 76
-58 79.2
-57 78.6
-56 79.5
-55 85.6
-54 93
-53 99.7
-52 105.4
-51 119.6
-50 133.5
-49 145.1
-48 153.4
-47 158.3
-46 160
-45 156.9
-44 154.5
-43 149.7
-42 149.1
-41 149.7
-40 149.5
-39 149.7
-38 144.1
-37 141.6
-36 144.3
-35 141.6
-34 142.3
-33 142.4
-32 143.4
-31 142.4
-30 141.2
-29 139.4
-28 139.8
-27 137.9
-26 137.3
-25 139.3
-24 138.3
-23 134.3
-22 131.7
-21 129.7
-20 123.2
-19 121.4
-18 119.2
-17 117.4
-16 117.1
-15 108
-14 105.5
-13 97.7
-12 89.9
-11 82.8
-10 68.8
-9 61.7
-8 58
-7 49.8
-6 45.5
-5 37.2
-4 28.1
-3 30.4
-2 31.7
-1 26.2
0 29.9
1 29.4
2 30.8
3 33.9
4 35.6
5 38.5
6 45.9
7 54.1
8 60.7
9 64.4
10 68.1
11 76.4
12 86.2
13 93.9
14 104.1
15 106.9
16 119.8
17 129.1
18 135.4
19 146
20 151.3
21 151.4
22 154
23 153.9
24 155.4
25 153.1
26 153.2
27 148.4
28 142.2
29 141.1
30 136.7
31 132.4
32 133.4
33 128.7
34 127.1
35 125.4
36 126.8
37 133.8
38 136.7
39 139.4
40 142.4
41 142.7
42 140.4
43 140
44 142.8
45 140.7
46 142.4
47 140.4
48 141.7
49 142.1
50 138.2
51 135.1
52 135
53 134.1
54 133.1
55 134.7
56 138.1
57 139.8
58 134.7
59 129.4
60 122
61 121.7
62 117.7
63 111.4
64 106.4
65 95.2
66 84.4
67 69.2
68 55.1
69 45.4
70 42.1
71 34.1
72 30.8
73 29.4
74 25.4
75 26.8
76 31.1
77 31
78 31.7
79 32
80 31.7
81 30
82 26
83 17.7
84 13.7
85 9
86 4
87 0
88 0
89 0
90 0
91 0
92 0
93 0
94 0
95 0
96 0
97 0
98 0
99 0
100 0
101 0
102 0
103 0
104 0
105 0
106 0
107 0
108 0
109 0
110 0
111 0
112 0
#############################



### angle = 102
-112 0
-111 0
-110 0
-109 0
-108 0
-107 0
-106 0
-105 0
-104 0
-103 0
-102 0
-101 0
-100 0
-99 0
-98 0
-97 0
-96 0
-95 0
-94 0
-93 0
-92 0
-91 0
-90 0
-89 0
-88 0
-87 0
-86 0
-85 0
-84 0
-83 0
-82 4.9
-81 11.9
-80 19.6
-79 25.1
-78 31
-77 44.7
-76 45.2
-75 43.7
-74 45.9
-73 55.6
-72 66.9
-71 77.3
-70 87.4
-69 83.1
-68 84.3
-67 86.8
-66 94.2
-65 97.5
-64 97.8
-63 97.7
-62 96.8
-61 97.5
-60 97.7
-59 97.4
-58 101
-57 102.3
-56 103.8
-55 104.5
-54 107.4
-53 109.7
-52 114.1
-51 118
-50 122.2
-49 123.9
-48 122.8
-47 120.8
-46 119.6
-45 120
-44 122
-43 122.1
-42 124.4
-41 127.3
-40 130.6
-39 132.3
-38 139.4
-37 137.5
-36 137.2
-35 142
-34 133.7
-33 131.5
-32 126.1
-31 124.3
-30 117.6
-29 104.7
-28 102.3
-27 100.2
-26 98.7
-25 102.1
-24 102.6
-23 103
-22 91.6
-21 87.1
-20 87
-19 84.7
-18 81.7
-17 81.4
-16 81.8
-15 81.1
-14 80.8
-13 82.8
-12 87.8
-11 92.2
-10 96.1
-9 99.1
-8 98.6
-7 91.3
-6 89.7
-5 85
-4 80
-3 78.7
-2 79
-1 74.7
0 74.3
1 59.2
2 55.3
3 55.8
4 52.7
5 42.4
6 39.8
7 37.1
8 37.9
9 39.5
10 34.8
11 35.7
12 46.3
13 58.9
14 72.6
15 81.8
16 88.8
17 96
18 97.7
19 102.8
20 109.5
21 114.8
22 126.4
23 139.2
24 141.5
25 144.1
26 147.7
27 148.7
28 150.7
29 151
30 151.1
31 152.8
32 151.7
33 151.4
34 152.7
35 159.1
36 161.1
37 159
38 160.4
39 156.1
40 152.1
41 152.1
42 161
43 155.1
44 150.1
45 149.1
46 151.8
47 149.7
48 143.4
49 139.7
50 136.7
51 134.8
52 133.8
53 136.5
54 138.5
55 143.8
56 142.1
57 141.4
58 142.1
59 142.7
60 142.1
61 137.7
62 134.7
63 129.5
64 115.2
65 94.1
66 78.4
67 70.4
68 64.7
69 63.1
70 61.1
71 60.4
72 56.4
73 55.7
74 55.7
75 44.4
76 33.4
77 23
78 11.7
79 12
80 2
81 0
82 0
83 0
84 0
85 0
86 0
87 0
88 0
89 0
90 0
91 0
92 0
93 0
94 0
95 0
96 0
97 0
98 0
99 0
100 0
101 0
102 0
103 0
104 0
105 0
106 0
107 0
108 0
109 0
110 0
111 0
112 0
#############################



### angle = 108
-112 0
-111 0
-110 0
-109 0
-108 0
-107 0
-106 0
-105 0
-104 0
-103 0
-102 0
-101 0
-100 2.1
-99 3.5
-98 7
-97 7.7
-96 9.8
-95 12.6
-94 13.6
-93 17.4
-92 19.4
-91 21.7
-90 23.9
-89 26.2
-88 31.1
-87 30.5
-86 32.8
-85 38.6
-84 37.7
-83 44.2
-82 46.2
-81 49.3
-80 53.5
-79 57.5
-78 61
-77 60.4
-76 60.8
-75 61.9
-74 59.5
-73 62.1
-72 63.1
-71 60.4
-70 62.5
-69 58
-68 60.4
-67 64.4
-66 63.4
-65 70.7
-64 68.4
-63 71
-62 74.9
-61 74
-60 75.9
-59 77.6
-58 67.3
-57 65.3
-56 61.5
-55 63.1
-54 64.3
-53 67.2
-52 75.8
-51 78.5
-50 85.1
-49 86.7
-48 93.5
-47 97.5
-46 103.5
-45 103.5
-44 107.2
-43 110.5
-42 113.4
-41 121.8
-40 122
-39 115.6
-38 113.9
-37 104.7
-36 95.6
-35 97.3
-34 94
-33 93.8
-32 90.2
-31 86.7
-30 94.2
-29 99.3
-28 106.7
-27 114.7
-26 114.7
-25 118.9
-24 117.7
-23 115.4
-22 121.1
-21 118
-20 109.5
-19 107.4
-18 101.6
-17 88.4
-16 98.7
-15 90.2
-14 88.2
-13 83.5
-12 78.8
-11 81.8
-10 78.1
-9 72.2
-8 68.1
-7 53.1
-6 54.1
-5 54.4
-4 59.7
-3 70.1
-2 74.1
-1 82.4
0 90.1
1 94.2
2 100.2
3 98.7
4 102.4
5 106.1
6 110.9
7 116.2
8 123.8
9 121.8
10 120.1
11 125.7
12 124.7
13 128
14 128.1
15 128.7
16 135.1
17 131
18 135.7
19 136
20 134.4
21 137.8
22 130.8
23 131.8
24 138.7
25 134.2
26 132.9
27 127.3
28 128.3
29 136.9
30 135.9
31 131.8
32 130
33 126.4
34 130.1
35 129.7
36 130.4
37 136.7
38 139.8
39 143.6
40 144.5
41 136.2
42 138.2
43 128.8
44 125.4
45 123.4
46 117.7
47 115.7
48 112.7
49 110.7
50 112.7
51 118.1
52 119.7
53 116.7
54 112.4
55 102.5
56 95.1
57 89.1
58 82.7
59 78.5
60 69.7
61 66.4
62 71.4
63 65.1
64 65.7
65 66.4
66 65.7
67 68.7
68 70.7
69 68.7
70 67.7
71 66.1
72 65
73 63.7
74 65.7
75 60.7
76 63
77 63
78 58
79 58
80 54
81 50
82 48
83 45
84 42.7
85 33
86 30.4
87 23.1
88 16.7
89 12
90 10
91 9.7
92 10.7
93 7
94 7.7
95 5
96 2
97 1
98 0
99 0
100 0
101 0
102 0
103 0
104 0
105 0
106 0
107 0
108 0
109 0
110 0
111 0
112 0
#############################



### angle = 114
-112 0
-111 0.7
-110 1.4
-109 3.5
-108 4.2
-107 6.3
-106 7.7
-105 8.7
-104 11.8
-103 12.4
-102 15.1
-101 17.5
-100 18.2
-99 19.9
-98 22.8
-97 24.9
-96 26.9
-95 26.9
-94 30.2
-93 32.6
-92 34.3
-91 36
-90 37
-89 39
-88 39.9
-87 44
-86 45.9
-85 48.6
-84 49.2
-83 53.8
-82 59
-81 58.3
-80 58.9
-79 62.2
-78 66.2
-77 68.8
-76 69.8
-75 67
-74 67
-73 66.1
-72 63.1
-71 59.8
-70 58.5
-69 56.4
-68 56.8
-67 56.2
-66 54.5
-65 56.4
-64 56.2
-63 58.8
-62 54.7
-61 55.7
-60 60.5
-59 56.4
-58 61.2
-57 59.3
-56 58
-55 56.7
-54 53.8
-53 54.1
-52 54.8
-51 48.7
-50 49.2
-49 49.6
-48 47.6
-47 57.5
-46 57.9
-45 68.2
-44 70.8
-43 74.6
-42 77.8
-41 81.8
-40 83.8
-39 83.6
-38 80
-37 72.5
-36 75.5
-35 79.8
-34 84.4
-33 85.4
-32 89.7
-31 89.1
-30 90.4
-29 86.4
-28 88.1
-27 86.7
-26 85.4
-25 81.4
-24 76.4
-23 77
-22 78.7
-21 79.7
-20 87.1
-19 91.8
-18 101.4
-17 112.8
-16 123.5
-15 129.5
-14 140.7
-13 136.1
-12 135.7
-11 134.1
-10 136.8
-9 138.2
-8 128.9
-7 127
-6 120.5
-5 119.5
-4 121.9
-3 123.1
-2 127.9
-1 128.6
0 133.5
1 150.9
2 155.1
3 155
4 158.4
5 162.1
6 159.8
7 150.1
8 150.4
9 146.8
10 143.8
11 139.4
12 134.1
13 135.7
14 130.1
15 131.9
16 123.8
17 121.5
18 116.5
19 108.8
20 98.9
21 90.8
22 85.8
23 86.4
24 86.4
25 91.8
26 89.8
27 100.5
28 96.8
29 101.4
30 105.4
31 109.2
32 116.1
33 121.4
34 128.8
35 131.7
36 128.4
37 130.4
38 126.7
39 122.5
40 115.7
41 113.4
42 113.4
43 109.4
44 103.1
45 99.7
46 96.8
47 94
48 91.1
49 85.8
50 79.7
51 78.1
52 80.1
53 84.3
54 84.4
55 80.4
56 80.8
57 81.1
58 80.2
59 78.7
60 75.4
61 74.8
62 70.7
63 69.2
64 60.1
65 60.4
66 58.4
67 61.4
68 61.7
69 59.7
70 61.7
71 59.7
72 63.4
73 63.7
74 67.7
75 69
76 69
77 65
78 64
79 61
80 58
81 59
82 55
83 53
84 50
85 49
86 49
87 44
88 42
89 41
90 39
91 36.7
92 30.4
93 26
94 25
95 25
96 22.4
97 13.7
98 9.7
99 9.7
100 6
101 5.7
102 5
103 3.7
104 4
105 1
106 1
107 0
108 0
109 0
110 0
111 0
112 0
#############################



### angle = 120
-112 0.7
-111 2.8
-110 4.2
-109 4.9
-108 7.3
-107 10
-106 10.3
-105 13.7
-104 14.3
-103 17.4
-102 20.1
-101 19.4
-100 24.4
-99 23.4
-98 28.1
-97 30.8
-96 29.4
-95 34.8
-94 34.1
-93 37.5
-92 41.5
-91 37.8
-90 45.2
-89 45.5
-88 46.9
-87 49.6
-86 45.5
-85 51.4
-84 51.1
-83 49.4
-82 53
-81 48.2
-80 55.6
-79 54.7
-78 55.4
-77 61
-76 56.7
-75 66.3
-74 63.8
-73 61.6
-72 69.6
-71 67.6
-70 70.5
-69 62.1
-68 61.5
-67 66.6
-66 62.8
-65 71.2
-64 73.4
-63 71.2
-62 72.4
-61 67.7
-60 70
-59 67.2
-58 65.6
-57 71
-56 65.5
-55 63.2
-54 54.7
-53 54.9
-52 53.1
-51 51.1
-50 49.2
-49 46.7
-48 40
-47 43.6
-46 38.3
-45 35
-44 33.2
-43 30.6
-42 34.1
-41 35.8
-40 41
-39 48.8
-38 62.4
-37 66.4
-36 78.9
-35 82.9
-34 80.5
-33 91.6
-32 96.1
-31 101.8
-30 106.4
-29 118.2
-28 141.2
-27 143.1
-26 149.8
-25 155.4
-24 147.4
-23 149.7
-22 145.7
-21 142.7
-20 146.4
-19 143.7
-18 146.7
-17 145.1
-16 144.7
-15 147
-14 143.7
-13 147.4
-12 138.8
-11 129.5
-10 127.2
-9 113.6
-8 114.2
-7 109.4
-6 105.5
-5 102.9
-4 92.9
-3 87.8
-2 87.5
-1 83.8
0 84.4
1 91.7
2 94.5
3 98.4
4 96.7
5 94.7
6 102.4
7 102.2
8 98.9
9 100.1
10 94.4
11 97.9
12 93.4
13 89.8
14 89.4
15 92.1
16 94.7
17 105.5
18 102.4
19 112.7
20 112.2
21 108.1
22 115.4
23 108.1
24 113.5
25 108.1
26 105.8
27 110.4
28 104.5
29 107.8
30 105.8
31 103.4
32 108.7
33 103.4
34 105.4
35 107.5
36 114.5
37 121.8
38 121.4
39 125.8
40 128.4
41 125.4
42 121
43 115.7
44 112.7
45 114.4
46 114.1
47 109.2
48 111.1
49 107.1
50 104.9
51 102.7
52 96.7
53 94.8
54 90.1
55 81.7
56 76.1
57 71.4
58 69
59 70.1
60 66.5
61 74.7
62 71.8
63 79.9
64 84.1
65 75.9
66 73.1
67 65.5
68 59.5
69 60
70 55.1
71 64.4
72 62
73 59.7
74 60.7
75 60
76 67.4
77 64
78 62.7
79 69
80 60
81 65
82 59
83 57
84 58
85 50
86 54
87 48
88 47
89 44.1
90 35
91 37
92 34
93 34
94 34
95 29
96 31
97 30
98 24
99 20.1
100 8.4
101 6.7
102 4
103 3
104 2.7
105 2
106 2
107 0
108 0
109 0
110 0
111 0
112 0
#############################



### angle = 126
-112 0
-111 0
-110 0
-109 0
-108 0
-107 0
-106 0
-105 0.7
-104 2.8
-103 4.9
-102 7.9
-101 10.6
-100 13.6
-99 17.3
-98 20.3
-97 23.7
-96 26
-95 29
-94 32
-93 35.7
-92 39.7
-91 42.4
-90 41.7
-89 44.7
-88 44.8
-87 44.4
-86 45.8
-85 46.8
-84 50.4
-83 54.4
-82 57.9
-81 59.1
-80 62.2
-79 64
-78 63.6
-77 56.3
-76 61.9
-75 66.8
-74 62.3
-73 62.3
-72 61.3
-71 60.7
-70 65.9
-69 65.4
-68 67.5
-67 66.6
-66 66.9
-65 69.1
-64 69.7
-63 76.9
-62 81.6
-61 82.7
-60 83.3
-59 88.4
-58 98.2
-57 103.1
-56 104.1
-55 104.1
-54 110.4
-53 111
-52 108.1
-51 110.3
-50 112.4
-49 112.7
-48 101.3
-47 95
-46 93.5
-45 93.6
-44 91
-43 87.1
-42 82.8
-41 79.9
-40 77.8
-39 79.8
-38 79.1
-37 80.7
-36 78.6
-35 76.7
-34 78.3
-33 77
-32 77
-31 80.2
-30 90.3
-29 97.6
-28 100
-27 94.5
-26 91.9
-25 87.2
-24 83.8
-23 81.7
-22 82.1
-21 84.4
-20 83.4
-19 83
-18 83.7
-17 88.7
-16 91.7
-15 102.1
-14 108.8
-13 114.1
-12 115.4
-11 118.8
-10 118.4
-9 121.4
-8 121.1
-7 116.4
-6 108.4
-5 106.4
-4 107.4
-3 106.1
-2 106
-1 105.2
0 101.4
1 94.1
2 91.4
3 91.5
4 94.2
5 97.1
6 100.1
7 103.1
8 107.8
9 111.4
10 111.9
11 109.4
12 106.1
13 105.8
14 104.1
15 100.7
16 99.8
17 90.8
18 83.4
19 80.1
20 74.8
21 74.1
22 71.1
23 70.8
24 67.4
25 69.1
26 68
27 69.1
28 70.1
29 70.4
30 69.2
31 69.4
32 78.7
33 82.7
34 89
35 91.4
36 95.1
37 101.8
38 105.4
39 106.9
40 101.6
41 104.5
42 98.1
43 102.8
44 103.7
45 105.1
46 105.7
47 108.4
48 108.1
49 109.1
50 117.6
51 130.2
52 134.4
53 136.7
54 137.4
55 135.7
56 131.1
57 128.7
58 126.4
59 124.4
60 120.7
61 113.8
62 104.7
63 96.5
64 90
65 86.5
66 83.1
67 83.8
68 84.8
69 85.9
70 82.4
71 84.2
72 84.5
73 78.4
74 74.4
75 71
76 66.7
77 61.7
78 55.4
79 58.4
80 59.8
81 59
82 57.7
83 56
84 57
85 57
86 56
87 50
88 47
89 44
90 42
91 39
92 32.7
93 26.4
94 20.4
95 13
96 9.4
97 5
98 2
99 0
100 0
101 0
102 0
103 0
104 0
105 0
106 0
107 0
108 0
109 0
110 0
111 0
112 0
#############################



### angle = 132
-112 0
-111 0
-110 0
-109 0
-108 0
-107 0
-106 0
-105 0
-104 0
-103 0
-102 0
-101 0
-100 0
-99 0
-98 0
-97 0
-96 0
-95 0
-94 0
-93 0
-92 0
-91 0
-90 0
-89 4.2
-88 22.9
-87 40.6
-86 52.3
-85 66
-84 71.6
-83 69
-82 82
-81 88.4
-80 88.4
-79 84.5
-78 78.3
-77 74.1
-76 76.1
-75 79.2
-74 84.3
-73 88.7
-72 96.2
-71 98.1
-70 99.3
-69 104.8
-68 106.4
-67 111
-66 114.5
-65 114
-64 116.5
-63 117.3
-62 115.9
-61 115.8
-60 114.5
-59 114.4
-58 114.6
-57 113.2
-56 106.4
-55 99.5
-54 97.4
-53 97.1
-52 97
-51 95.8
-50 92.6
-49 92.9
-48 92.2
-47 92.9
-46 97.7
-45 96
-44 81.7
-43 77.8
-42 77.2
-41 76.8
-40 78.4
-39 77.5
-38 78.7
-37 77.5
-36 78.5
-35 77.7
-34 77.5
-33 79.4
-32 85.8
-31 84.1
-30 78.8
-29 73.8
-28 73.5
-27 84.3
-26 80.6
-25 82.7
-24 84.4
-23 83.6
-22 83.9
-21 82.3
-20 86.8
-19 88.2
-18 97.8
-17 97.7
-16 97.7
-15 98.7
-14 99
-13 103.4
-12 104.1
-11 100.8
-10 95.7
-9 94.4
-8 93.1
-7 90.7
-6 89.1
-5 87.1
-4 85.7
-3 78.7
-2 78.9
-1 87.1
0 89.1
1 91.1
2 92.4
3 92.4
4 93.1
5 94.7
6 98.5
7 101.7
8 109
9 114.7
10 118.1
11 117.7
12 119.1
13 117.7
14 116.7
15 118.1
16 116.4
17 116.7
18 114.7
19 114.4
20 109.1
21 106.4
22 105.1
23 95.1
24 93.8
25 83.1
26 77.8
27 65.4
28 59.7
29 58.5
30 56.7
31 58.2
32 56.5
33 61.7
34 62.8
35 69.4
36 70.8
37 74.2
38 77.2
39 78.4
40 74.1
41 76.4
42 80.8
43 85.7
44 91.7
45 91.4
46 90.4
47 93.5
48 97.7
49 98
50 100.7
51 102.4
52 100.4
53 106.5
54 106.1
55 106.7
56 104.1
57 102.4
58 102.4
59 103.4
60 104.7
61 109.1
62 113.8
63 115.4
64 116.5
65 114.8
66 115.8
67 117.4
68 119.2
69 122.8
70 126.1
71 128.1
72 130.9
73 127.1
74 129.1
75 124.4
76 121.4
77 119.7
78 112.8
79 108.4
80 101.5
81 85.5
82 76.8
83 62.7
84 46.7
85 28
86 9
87 0
88 0
89 0
90 0
91 0
92 0
93 0
94 0
95 0
96 0
97 0
98 0
99 0
100 0
101 0
102 0
103 0
104 0
105 0
106 0
107 0
108 0
109 0
110 0
111 0
112 0
#############################



### angle = 138
-112 0
-111 0
-110 0
-109 0
-108 0
-107 0
-106 0
-105 0
-104 0
-103 0
-102 0
-101 0
-100 0
-99 4
-98 8
-97 13
-96 13.4
-95 17.7
-94 20.7
-93 23.7
-92 23.7
-91 23.4
-90 25.4
-89 26.4
-88 28.1
-87 30.4
-86 33.4
-85 33.8
-84 40.9
-83 45
-82 53.6
-81 56.6
-80 62.3
-79 65.5
-78 68.5
-77 69
-76 65
-75 63
-74 63.8
-73 72.7
-72 76.4
-71 84.7
-70 91.4
-69 99.7
-68 100.1
-67 105.2
-66 108
-65 113
-64 113.8
-63 112.5
-62 116.9
-61 118.9
-60 119.1
-59 110.7
-58 97.8
-57 87.1
-56 79.7
-55 78.1
-54 77.4
-53 75.5
-52 75.1
-51 75.9
-50 77.2
-49 78.5
-48 77.1
-47 83.2
-46 93.4
-45 96.6
-44 98
-43 102.4
-42 104
-41 103.4
-40 105.8
-39 106.4
-38 104.3
-37 100.9
-36 101.6
-35 100.2
-34 97.8
-33 96.5
-32 96.7
-31 95.8
-30 95
-29 91.6
-28 93.7
-27 90.2
-26 90.8
-25 96.4
-24 99.8
-23 105.6
-22 105.9
-21 104.6
-20 102.2
-19 104.5
-18 107
-17 111.5
-16 111.2
-15 114.1
-14 114.5
-13 112.1
-12 104.2
-11 104.6
-10 97.9
-9 97.4
-8 97.8
-7 101.8
-6 102.7
-5 105.4
-4 105.4
-3 106.1
-2 104
-1 101.7
0 100.7
1 95.7
2 97.7
3 92
4 89.7
5 86.4
6 82.7
7 76.8
8 74.7
9 72.5
10 67.1
11 70.2
12 78.3
13 83.8
14 86.4
15 93.4
16 93.7
17 99.5
18 98.4
19 105.5
20 109.1
21 111.7
22 117.1
23 119.4
24 123.7
25 123.8
26 125.7
27 126.1
28 119
29 111.1
30 107.4
31 105.4
32 103.4
33 99.8
34 100.1
35 98.8
36 96
37 92.4
38 95.1
39 88.1
40 82.3
41 71.8
42 75.5
43 72.5
44 66.5
45 65.7
46 72.4
47 71.8
48 76.8
49 86.5
50 99.9
51 104.2
52 105.7
53 106.8
54 108.7
55 108.4
56 109.8
57 108.1
58 102.4
59 99.1
60 97.7
61 96.8
62 96.1
63 94.8
64 93.8
65 94.1
66 88.2
67 84.7
68 82
69 78.7
70 80.1
71 80.1
72 76.1
73 70.4
74 74.4
75 74.4
76 74.1
77 71.7
78 68.4
79 65.4
80 63.1
81 66.8
82 70.7
83 66.4
84 57.1
85 50.4
86 43.1
87 39.7
88 37.4
89 32
90 33
91 32
92 28
93 23
94 19
95 14
96 10
97 5
98 1
99 0
100 0
101 0
102 0
103 0
104 0
105 0
106 0
107 0
108 0
109 0
110 0
111 0
112 0
#############################



### angle = 144
-112 0
-111 0
-110 1
-109 3
-108 5
-107 8
-106 11
-105 12
-104 15
-103 12.4
-102 13.4
-101 14.7
-100 18.7
-99 19.4
-98 21.4
-97 26.4
-96 29.4
-95 32.4
-94 33
-93 34
-92 34.7
-91 33
-90 34.7
-89 35
-88 33
-87 37
-86 37.7
-85 38
-84 39.7
-83 40.7
-82 40.7
-81 39.1
-80 40.7
-79 40.8
-78 45.5
-77 45.2
-76 47.2
-75 52
-74 52.6
-73 54.4
-72 51.3
-71 54
-70 54.3
-69 55.1
-68 56.3
-67 56.7
-66 57.1
-65 60.4
-64 59.1
-63 54.8
-62 53.1
-61 49.1
-60 51.4
-59 54.8
-58 67.4
-57 77.1
-56 80.8
-55 85.7
-54 88.1
-53 81.5
-52 77.7
-51 78.5
-50 85.8
-49 91.6
-48 98.5
-47 102
-46 104.6
-45 108.6
-44 109.3
-43 111.9
-42 113.4
-41 116
-40 117.5
-39 118
-38 119.3
-37 117.4
-36 115.5
-35 114.2
-34 113.1
-33 114.1
-32 109.3
-31 102.6
-30 105.7
-29 103.9
-28 107.4
-27 105.9
-26 102.3
-25 103.3
-24 100.1
-23 103.7
-22 109.8
-21 112.2
-20 115.4
-19 124.6
-18 123.9
-17 125.8
-16 128
-15 127.5
-14 129.5
-13 128.6
-12 130.5
-11 131.5
-10 132
-9 133.9
-8 132.6
-7 128.3
-6 124.9
-5 122.7
-4 118.9
-3 119.9
-2 124.6
-1 126.7
0 127
1 122
2 116.7
3 112.9
4 112.9
5 107.8
6 105.3
7 102.7
8 101.1
9 97.8
10 92.7
11 97.1
12 101.8
13 100.4
14 106.8
15 109.1
16 111.8
17 116.8
18 116.7
19 118.4
20 117.4
21 119.7
22 119.8
23 113.1
24 115.4
25 114
26 116.4
27 118.4
28 118.7
29 125.4
30 124.1
31 122.2
32 111.7
33 106.8
34 98.1
35 96.7
36 102.1
37 102.4
38 104.2
39 98.8
40 96.8
41 93.8
42 88.5
43 89.7
44 92.5
45 84.1
46 78.4
47 75.1
48 71.4
49 73.5
50 82
51 77
52 78.6
53 80.9
54 74.9
55 70.4
56 67.4
57 66.7
58 63.7
59 64.8
60 63.4
61 68.1
62 72.1
63 75.1
64 72
65 71.7
66 72.4
67 68.7
68 66
69 63.7
70 61.7
71 57.7
72 55.7
73 54
74 45
75 42.7
76 38.7
77 35.7
78 33.4
79 28
80 26
81 26.7
82 26.7
83 30.8
84 29.3
85 33.9
86 42.8
87 43.4
88 42.7
89 40
90 39
91 38
92 36
93 35
94 36
95 32
96 31
97 28
98 25
99 24
100 22
101 18
102 16
103 15
104 11
105 10
106 7
107 5
108 2
109 0
110 0
111 0
112 0
#############################



### angle = 150
-112 0
-111 3
-110 3
-109 9
-108 6
-107 9
-106 15
-105 10
-104 23
-103 11.4
-102 18.4
-101 10.4
-100 12.4
-99 24.4
-98 14.7
-97 28.7
-96 28.8
-95 33
-94 42
-93 30
-92 47
-91 36
-90 42.7
-89 41
-88 33.4
-87 43
-86 25.7
-85 40
-84 32.7
-83 34
-82 42.7
-81 28.4
-80 44.4
-79 31.7
-78 36.7
-77 38.7
-76 27.4
-75 42.7
-74 26.7
-73 35
-72 32
-71 24
-70 41.4
-69 24.8
-68 37.1
-67 41.8
-66 42.3
-65 49.4
-64 55.7
-63 51.9
-62 55.2
-61 61.5
-60 60.9
-59 81.1
-58 78.6
-57 95.9
-56 93.9
-55 96.2
-54 106.5
-53 90.2
-52 100.1
-51 93.4
-50 101.5
-49 98.1
-48 91.7
-47 101.4
-46 100.1
-45 95.4
-44 90.5
-43 89.4
-42 89
-41 97
-40 80.1
-39 91
-38 76.7
-37 81.7
-36 90.7
-35 68.8
-34 94.5
-33 71.8
-32 100.9
-31 95.3
-30 87
-29 102.8
-28 89.3
-27 113.1
-26 105.7
-25 117.5
-24 115.3
-23 111.1
-22 116.4
-21 113.9
-20 123.2
-19 120.6
-18 132.8
-17 125.1
-16 142.2
-15 141.5
-14 148.9
-13 154.3
-12 149.8
-11 157.7
-10 144.8
-9 155.1
-8 146.7
-7 162
-6 157
-5 158.4
-4 164.4
-3 149.5
-2 166.5
-1 149.3
0 159.1
1 156.2
2 145.7
3 156.5
4 121.9
5 145
6 126.2
7 131
8 132.9
9 120.9
10 141.2
11 138.2
12 147.5
13 143.7
14 151.9
15 143.8
16 143.2
17 143.6
18 141.9
19 156.6
20 144.2
21 155.5
22 145.5
23 139.1
24 150.1
25 129.8
26 142.1
27 128.4
28 128.1
29 114.6
30 89.9
31 87.4
32 72.8
33 72.1
34 64.1
35 53.7
36 55.7
37 39.8
38 37.8
39 43.7
40 29.1
41 46.5
42 45.1
43 52.8
44 81.5
45 58.8
46 81.5
47 65.5
48 76.8
49 87.4
50 70.8
51 95
52 76.4
53 91.8
54 97.1
55 92.9
56 93.8
57 86.4
58 79.4
59 73
60 65
61 70
62 58.4
63 58.4
64 61
65 44
66 57.7
67 41
68 51.7
69 46
70 45.1
71 61.1
72 37.7
73 59.7
74 31.8
75 41.5
76 20.7
77 15.7
78 25.8
79 9.4
80 13.7
81 9.8
82 7.7
83 13
84 10.7
85 19.6
86 38.1
87 28
88 40
89 40.7
90 36
91 47
92 31
93 41
94 34
95 29
96 37
97 20
98 34
99 20
100 21
101 24
102 13
103 23
104 10
105 14
106 10
107 6
108 9
109 3
110 3
111 0
112 0
#############################



### angle = 156
-112 0
-111 0
-110 0
-109 0
-108 0
-107 0
-106 0
-105 0
-104 2
-103 5
-102 8
-101 10
-100 11
-99 14
-98 15.7
-97 17
-96 20.7
-95 24.7
-94 22.1
-93 22.7
-92 23.4
-91 23.7
-90 23.7
-89 28.1
-88 35.1
-87 36.7
-86 34
-85 36
-84 38
-83 39.7
-82 40
-81 39.7
-80 42.7
-79 41.7
-78 38.7
-77 36.7
-76 35.4
-75 35.4
-74 36.1
-73 36.4
-72 39.7
-71 41
-70 42.7
-69 43.7
-68 46.4
-67 46.7
-66 49.1
-65 53.4
-64 52.7
-63 58.4
-62 56.4
-61 60.7
-60 62.4
-59 74.9
-58 89.8
-57 93
-56 94
-55 97
-54 99.7
-53 99.7
-52 95.4
-51 98.7
-50 102.8
-49 104.5
-48 105.9
-47 108.5
-46 116.6
-45 124.7
-44 128.6
-43 128.6
-42 129.5
-41 124.4
-40 123
-39 122
-38 127.1
-37 127.2
-36 131.4
-35 121.9
-34 124.1
-33 127.2
-32 130.8
-31 133.9
-30 138.8
-29 145.4
-28 141.1
-27 134.5
-26 120.5
-25 116.1
-24 106.1
-23 103.4
-22 103.1
-21 107.1
-20 106.7
-19 102.4
-18 99.1
-17 99.8
-16 98.7
-15 100.1
-14 96.8
-13 101.3
-12 109.2
-11 103.9
-10 98.5
-9 102.9
-8 106.1
-7 102.4
-6 106.3
-5 112.2
-4 120.1
-3 123.9
-2 125.4
-1 123.4
0 120.5
1 124.4
2 127.2
3 130.9
4 129.9
5 130.3
6 132.9
7 133.7
8 139
9 141.1
10 147.1
11 151.7
12 147.8
13 149.6
14 147.6
15 148.1
16 136.6
17 126.3
18 127
19 128.2
20 127.6
21 119.4
22 123.5
23 124.8
24 121.2
25 117.1
26 114.5
27 110.5
28 116.8
29 113.8
30 115.7
31 118.1
32 119.3
33 119.2
34 116.4
35 116.9
36 114.6
37 110.8
38 104.4
39 105.6
40 105.8
41 106.7
42 105.4
43 102.4
44 95.5
45 95.8
46 93.8
47 94.4
48 91.1
49 89.7
50 90.8
51 89.1
52 91.1
53 89.7
54 87.7
55 86
56 84.1
57 75.7
58 73.4
59 67.1
60 62.8
61 54.7
62 43.4
63 31.7
64 35.4
65 39.8
66 29.9
67 15.4
68 11.7
69 12.7
70 14.5
71 14
72 14
73 18.1
74 25.4
75 27.1
76 28.8
77 33.4
78 34.1
79 35.1
80 34
81 33.4
82 38.4
83 38
84 34
85 31
86 31
87 30
88 32
89 31.7
90 35
91 32
92 30
93 27
94 25
95 22
96 20
97 18
98 15
99 13
100 11
101 9
102 5
103 3
104 1
105 0
106 0
107 0
108 0
109 0
110 0
111 0
112 0
#############################



### angle = 162
-112 0
-111 0
-110 0
-109 0
-108 0
-107 0
-106 0
-105 0
-104 0
-103 0
-102 0
-101 0
-100 0
-99 0
-98 0
-97 0
-96 0
-95 0
-94 0
-93 0
-92 0
-91 0
-90 0
-89 2
-88 7
-87 13
-86 13.7
-85 22.7
-84 27
-83 30
-82 31.7
-81 31
-80 32.7
-79 30.4
-78 27.8
-77 24.7
-76 24.4
-75 28.4
-74 31.5
-73 38.8
-72 42.4
-71 43
-70 46.7
-69 50.1
-68 64.2
-67 79.1
-66 94.5
-65 98.4
-64 104
-63 110.7
-62 113.7
-61 120.4
-60 122.4
-59 119.1
-58 118.7
-57 124.4
-56 133.1
-55 135.4
-54 138.4
-53 140.1
-52 138.5
-51 142.1
-50 138.7
-49 137.7
-48 142.4
-47 137
-46 139.1
-45 137.4
-44 133.8
-43 135.4
-42 135
-41 140.1
-40 139.4
-39 139.7
-38 138.4
-37 132.4
-36 130.8
-35 126.1
-34 126.1
-33 133.4
-32 131.4
-31 138.1
-30 140.2
-29 147.5
-28 150.2
-27 152.7
-26 156.6
-25 157.6
-24 155.4
-23 156.3
-22 152
-21 145
-20 138.8
-19 130.3
-18 128.9
-17 123.8
-16 112.6
-15 104.5
-14 93.2
-13 83.2
-12 72.4
-11 64
-10 64.1
-9 58.7
-8 58
-7 52.8
-6 50
-5 48.2
-4 37.2
-3 36.6
-2 28.9
-1 28.6
0 35.1
1 34.9
2 32.1
3 33.1
4 35.5
5 49.7
6 58
7 62.7
8 69.4
9 71.7
10 74
11 83.3
12 96.6
13 107.3
14 116.2
15 118.3
16 121
17 121.8
18 122.7
19 127.5
20 131
21 132.2
22 137.7
23 137.9
24 137
25 137.8
26 141.5
27 141.4
28 140.2
29 142.1
30 142
31 144
32 143.1
33 143.6
34 139.6
35 144
36 140.2
37 140.3
38 149
39 150.4
40 151.8
41 150.8
42 153.6
43 150.2
44 153.1
45 159.5
46 153.3
47 154.8
48 145.5
49 138.7
50 127.6
51 116.4
52 103.3
53 91.5
54 86.7
55 76.8
56 72.9
57 71.8
58 64.9
59 63.1
60 54.6
61 46.7
62 41.2
63 34.3
64 29.4
65 23.7
66 19
67 19.1
68 20
69 28.5
70 37.1
71 47.2
72 55.7
73 56.7
74 54.7
75 52.8
76 53
77 47
78 42
79 38
80 33
81 29.7
82 29
83 31
84 26
85 21
86 17
87 11
88 6
89 1
90 0
91 0
92 0
93 0
94 0
95 0
96 0
97 0
98 0
99 0
100 0
101 0
102 0
103 0
104 0
105 0
106 0
107 0
108 0
109 0
110 0
111 0
112 0
#############################



### angle = 168
-112 0
-111 0
-110 0
-109 0
-108 0
-107 0
-106 0
-105 0
-104 0
-103 0
-102 0
-101 0
-100 0
-99 0
-98 0
-97 0
-96 0
-95 0
-94 0
-93 0
-92 0
-91 0
-90 0
-89 0
-88 0
-87 0
-86 0
-85 0
-84 0
-83 0
-82 0
-81 0
-80 0
-79 4
-78 13
-77 21.7
-76 35
-75 48.4
-74 55.1
-73 58.4
-72 56.7
-71 59.1
-70 61.4
-69 66.1
-68 83.5
-67 104.1
-66 111.1
-65 124.6
-64 132.7
-63 138.7
-62 143.4
-61 142.7
-60 143.4
-59 142.4
-58 141.8
-57 141.6
-56 136.8
-55 135.4
-54 131.1
-53 135.1
-52 138.1
-51 144.5
-50 148
-49 146
-48 147.7
-47 148
-46 149.1
-45 150.5
-44 151.4
-43 155.8
-42 152.1
-41 158.2
-40 160
-39 159
-38 155.8
-37 150.7
-36 152.4
-35 150.4
-34 149.7
-33 151.4
-32 152.4
-31 157.4
-30 154.4
-29 149
-28 146
-27 144
-26 144.7
-25 142.4
-24 135.8
-23 132.6
-22 126
-21 112.9
-20 105.8
-19 103.5
-18 95.7
-17 87.8
-16 81.8
-15 69.9
-14 59.4
-13 45.2
-12 40.4
-11 35.4
-10 26.7
-9 16.8
-8 26.6
-7 46.4
-6 53.5
-5 53.7
-4 55.3
-3 55
-2 54.3
-1 62.9
0 71.7
1 75.4
2 76.7
3 77
4 84.3
5 88.4
6 94.9
7 96.5
8 94.5
9 89.1
10 85.1
11 84.8
12 83.4
13 84.1
14 82.4
15 83.8
16 82.4
17 84.4
18 85.4
19 86.7
20 86.5
21 90.9
22 102.2
23 102
24 102.8
25 107.4
26 107.2
27 109.5
28 117.6
29 120.6
30 118.2
31 121.3
32 131.9
33 134.4
34 137
35 142.3
36 146.8
37 147.1
38 144.1
39 137.8
40 134.1
41 127.3
42 125
43 120
44 118.7
45 118.8
46 119.5
47 123.2
48 120.3
49 121.6
50 118.4
51 112.1
52 108.4
53 104.1
54 103.2
55 103.4
56 102.7
57 100
58 95.3
59 98.1
60 98.1
61 96.5
62 91.9
63 94.2
64 95.9
65 94.1
66 95.9
67 101.5
68 92.9
69 85.8
70 86.3
71 74
72 60.7
73 46.1
74 42.8
75 46.1
76 32.3
77 25.1
78 15.4
79 6.3
80 0
81 0
82 0
83 0
84 0
85 0
86 0
87 0
88 0
89 0
90 0
91 0
92 0
93 0
94 0
95 0
96 0
97 0
98 0
99 0
100 0
101 0
102 0
103 0
104 0
105 0
106 0
107 0
108 0
109 0
110 0
111 0
112 0
#############################



### angle = 174
-112 0
-111 0
-110 0
-109 0
-108 0
-107 0
-106 0
-105 0
-104 0
-103 0
-102 0
-101 0
-100 0
-99 0
-98 0
-97 0
-96 3
-95 5
-94 5.7
-93 9
-92 9.7
-91 9.7
-90 10
-89 13
-88 17.7
-87 22.4
-86 33.1
-85 33
-84 43.7
-83 44
-82 52
-81 49
-80 59
-79 57
-78 63
-77 64
-76 58.7
-75 67.7
-74 60
-73 69.4
-72 61.4
-71 71.7
-70 65.4
-69 74
-68 69.7
-67 70.7
-66 66.7
-65 66.4
-64 70.4
-63 63.4
-62 72.1
-61 67.1
-60 80.4
-59 80.1
-58 92.1
-57 94.1
-56 105.8
-55 115.1
-54 115.7
-53 126
-52 112.7
-51 125.7
-50 107.1
-49 121.7
-48 116.4
-47 125.7
-46 129.7
-45 133.8
-44 143.4
-43 139.5
-42 154.8
-41 145.1
-40 159.9
-39 150.5
-38 151.6
-37 134.4
-36 129.7
-35 130
-34 125.4
-33 132.4
-32 120.9
-31 129.1
-30 119
-29 127.6
-28 122
-27 138.9
-26 138.3
-25 142.5
-24 144.5
-23 132.1
-22 137.4
-21 129.4
-20 136.4
-19 130
-18 137.7
-17 125.7
-16 131.4
-15 125.4
-14 124.4
-13 122.1
-12 110.4
-11 113
-10 109.1
-9 113.2
-8 105.2
-7 106.2
-6 95.1
-5 102.4
-4 89.7
-3 94.1
-2 85.8
-1 85.9
0 73.4
1 70.8
2 60.4
3 55.4
4 54.7
5 57.4
6 64.4
7 64.8
8 75.5
9 72.5
10 81.8
11 82.8
12 89.5
13 92.5
14 90.4
15 102.6
16 102
17 109.3
18 102.3
19 109.5
20 107.8
21 118.1
22 116.4
23 118.4
24 116.7
25 110.4
26 111.3
27 92.9
28 95.1
29 88.4
30 93.4
31 84.8
32 95.6
33 86.3
34 94.9
35 97.4
36 109.9
37 127.9
38 126.2
39 132.8
40 121.4
41 126.2
42 110.1
43 112.9
44 105.4
45 104.2
46 103.3
47 93.1
48 95.5
49 81.7
50 85.4
51 76.2
52 78.8
53 71.8
54 73.5
55 68.7
56 66.2
57 72
58 68.2
59 81.7
60 73.3
61 79
62 67
63 74.7
64 68
65 68.8
66 64.4
67 61
68 62.6
69 57.4
70 65.4
71 57.4
72 63.5
73 56.5
74 63.2
75 57.3
76 61.1
77 60.4
78 55.2
79 54.6
80 44.1
81 47.3
82 38.6
83 39.7
84 33.2
85 33.2
86 27.8
87 28.6
88 25.6
89 20.7
90 20.8
91 15.7
92 14.7
93 11.2
94 10.5
95 7
96 5.6
97 3.5
98 1.4
99 0
100 0
101 0
102 0
103 0
104 0
105 0
106 0
107 0
108 0
109 0
110 0
111 0
112 0
#############################



